Dataset:     New version of inf1981.txt, altered to give SSA-born different
             probabilities for disease states (+). In the original versions, SSA-
             born and ONUK-born had the same probabilities. This is the first
             'new' version (there may be subsequent ones).
Description: This inf1981.txt file specifies the probabilities of various diseas
             for migrants upon entry to the UK.
Label a:     Age in years
Label s:     Sex, 0=male, 1=female
Label r:     Region of birth, 0=ONUK-born, 1=UK-born, 2=SSA-born
Label y:     Array index for year (0=1981)
Label q:     Disease state, cumlative probabilities where 0=Always 0,
             1=Uninfected, 2=Immune, 3=Recent Infection, 4=Latent Infection,
             5=Reinfection, 6=Primary Disease, 7=Reactivation Disease,
             8=Reinfection Disease

|a   |s |r |q1         |q2         |q3         |q4         |q5         |q6         |q7         |q8
|  0 |0 |0 |0.99683675 |0.99683675 |0.99933639 |0.99933639 |0.99933639 |1.         |1.         |1.
|  1 |0 |0 |0.99053524 |0.99053524 |0.99933639 |0.99933639 |0.99933639 |1.         |1.         |1.
|  2 |0 |0 |0.98427358 |0.98427358 |0.99933639 |0.99933639 |0.99933639 |1.         |1.         |1.
|  3 |0 |0 |0.9780515  |0.9780515  |0.99933639 |0.99933639 |0.99933639 |1.         |1.         |1.
|  4 |0 |0 |0.97186874 |0.97186874 |0.99933639 |0.99933639 |0.99933639 |1.         |1.         |1.
|  5 |0 |0 |0.96572508 |0.96572508 |0.99617367 |0.99932426 |0.99933639 |0.99999946 |0.99999961 |1.
|  6 |0 |0 |0.95962025 |0.95962025 |0.98987427 |0.99927537 |0.99933639 |0.99999736 |0.99999853 |1.
|  7 |0 |0 |0.95355401 |0.95355401 |0.98361551 |0.9991871  |0.99933639 |0.99999446 |0.99999712 |1.
|  8 |0 |0 |0.94752612 |0.94752612 |0.97739673 |0.99905959 |0.99933639 |0.99999115 |0.9999955  |1.
|  9 |0 |0 |0.94153634 |0.94153634 |0.97121754 |0.99889303 |0.99933639 |0.9999876  |0.99999372 |1.
| 10 |0 |0 |0.93558442 |0.93558442 |0.96507757 |0.99870024 |0.99933639 |0.9999839  |0.99999172 |1.
| 11 |0 |0 |0.92967012 |0.92967012 |0.95897664 |0.99850671 |0.99933639 |0.99998    |0.9999892  |1.
| 12 |0 |0 |0.92379322 |0.92379322 |0.95291428 |0.99831441 |0.99933639 |0.99997612 |0.9999867  |1.
| 13 |0 |0 |0.91795346 |0.91795346 |0.94689024 |0.99812332 |0.99933639 |0.99997227 |0.9999842  |1.
| 14 |0 |0 |0.91215062 |0.91215062 |0.94090429 |0.99793344 |0.99933639 |0.99996843 |0.99998173 |1.
| 15 |0 |0 |0.90638446 |0.90638446 |0.93495618 |0.99774477 |0.99933639 |0.99996462 |0.99997926 |1.
| 16 |0 |0 |0.90065475 |0.90065475 |0.92904568 |0.99755729 |0.99933639 |0.99996083 |0.99997681 |1.
| 17 |0 |0 |0.89496127 |0.89496127 |0.92317254 |0.99737099 |0.99933639 |0.99995707 |0.99997438 |1.
| 18 |0 |0 |0.88930377 |0.88930377 |0.91733653 |0.99718588 |0.99933639 |0.99995332 |0.99997195 |1.
| 19 |0 |0 |0.88368204 |0.88368204 |0.91153741 |0.99700193 |0.99933639 |0.9999496  |0.99996955 |1.
| 20 |0 |0 |0.87809585 |0.87809585 |0.90577495 |0.99681915 |0.99933639 |0.9999459  |0.99996715 |1.
| 21 |0 |0 |0.87254497 |0.87254497 |0.90004893 |0.99663753 |0.99933639 |0.99994222 |0.99996477 |1.
| 22 |0 |0 |0.86702917 |0.86702917 |0.8943591  |0.99645706 |0.99933639 |0.99993856 |0.99996241 |1.
| 23 |0 |0 |0.86144618 |0.86144618 |0.88859995 |0.99627439 |0.99933639 |0.99993485 |0.99996001 |1.
| 24 |0 |0 |0.85517233 |0.85517233 |0.88212815 |0.99606911 |0.99933639 |0.99993068 |0.99995731 |1.
| 25 |0 |0 |0.84801364 |0.84801364 |0.87474359 |0.99583489 |0.99933639 |0.99992592 |0.99995424 |1.
| 26 |0 |0 |0.8398543  |0.8398543  |0.86632682 |0.99556793 |0.99933639 |0.99992049 |0.99995073 |1.
| 27 |0 |0 |0.83056618 |0.83056618 |0.85674567 |0.99526404 |0.99933639 |0.99991431 |0.99994673 |1.
| 28 |0 |0 |0.82000853 |0.82000853 |0.84585492 |0.99491862 |0.99933639 |0.99990727 |0.99994218 |1.
| 29 |0 |0 |0.80802789 |0.80802789 |0.83349632 |0.99452665 |0.99933639 |0.99989928 |0.99993701 |1.
| 30 |0 |0 |0.7944587  |0.7944587  |0.81949904 |0.99408272 |0.99933639 |0.99989021 |0.99993115 |1.
| 31 |0 |0 |0.77933085 |0.77933085 |0.80389396 |0.9935878  |0.99933639 |0.99988009 |0.9999246  |1.
| 32 |0 |0 |0.76370986 |0.76370986 |0.7877802  |0.99307676 |0.99933639 |0.99986962 |0.99991783 |1.
| 33 |0 |0 |0.74778082 |0.74778082 |0.77134868 |0.99255565 |0.99933639 |0.99985892 |0.99991092 |1.
| 34 |0 |0 |0.73155111 |0.73155111 |0.75460704 |0.99202471 |0.99933639 |0.99984801 |0.99990386 |1.
| 35 |0 |0 |0.71502938 |0.71502938 |0.73756417 |0.99148424 |0.99933639 |0.99983688 |0.99989666 |1.
| 36 |0 |0 |0.6982255  |0.6982255  |0.72023028 |0.99093455 |0.99933639 |0.99982554 |0.99988933 |1.
| 37 |0 |0 |0.68115069 |0.68115069 |0.70261693 |0.99037601 |0.99933639 |0.999814   |0.99988187 |1.
| 38 |0 |0 |0.66381752 |0.66381752 |0.6847371  |0.98980903 |0.99933639 |0.99980227 |0.99987428 |1.
| 39 |0 |0 |0.64624    |0.64624    |0.66660522 |0.98923407 |0.99933639 |0.99979034 |0.99986657 |1.
| 40 |0 |0 |0.62843355 |0.62843355 |0.64823722 |0.98865164 |0.99933639 |0.99977824 |0.99985875 |1.
| 41 |0 |0 |0.61041511 |0.61041511 |0.62965058 |0.98806229 |0.99933639 |0.99976597 |0.99985082 |1.
| 42 |0 |0 |0.59220314 |0.59220314 |0.61086431 |0.98746662 |0.99933639 |0.99975355 |0.99984278 |1.
| 43 |0 |0 |0.57381759 |0.57381759 |0.59189902 |0.98686529 |0.99933639 |0.99974099 |0.99983466 |1.
| 44 |0 |0 |0.55527999 |0.55527999 |0.5727769  |0.98625901 |0.99933639 |0.99972829 |0.99982645 |1.
| 45 |0 |0 |0.53661337 |0.53661337 |0.55352173 |0.98564852 |0.99933639 |0.99971549 |0.99981817 |1.
| 46 |0 |0 |0.51784231 |0.51784231 |0.53415885 |0.98503463 |0.99933639 |0.99970258 |0.99980983 |1.
| 47 |0 |0 |0.49899288 |0.49899288 |0.51471515 |0.9844182  |0.99933639 |0.9996896  |0.99980143 |1.
| 48 |0 |0 |0.48009258 |0.48009258 |0.49521901 |0.98380012 |0.99933639 |0.99967656 |0.999793   |1.
| 49 |0 |0 |0.46117034 |0.46117034 |0.47570026 |0.98318133 |0.99933639 |0.99966347 |0.99978454 |1.
| 50 |0 |0 |0.4422564  |0.4422564  |0.45619009 |0.98256284 |0.99933639 |0.99965037 |0.99977606 |1.
| 51 |0 |0 |0.42338223 |0.42338223 |0.43672098 |0.98194566 |0.99933639 |0.99963727 |0.99976759 |1.
| 52 |0 |0 |0.40458044 |0.40458044 |0.41732655 |0.98133087 |0.99933639 |0.99962419 |0.99975914 |1.
| 53 |0 |0 |0.38588464 |0.38588464 |0.39804147 |0.98071956 |0.99933639 |0.99961116 |0.99975071 |1.
| 54 |0 |0 |0.36732928 |0.36732928 |0.3789013  |0.98011285 |0.99933639 |0.9995982  |0.99974233 |1.
| 55 |0 |0 |0.34894952 |0.34894952 |0.35994228 |0.97951191 |0.99933639 |0.99958534 |0.99973402 |1.
| 56 |0 |0 |0.33078103 |0.33078103 |0.34120121 |0.97891789 |0.99933639 |0.9995726  |0.99972578 |1.
| 57 |0 |0 |0.31285975 |0.31285975 |0.32271517 |0.97833196 |0.99933639 |0.99956002 |0.99971764 |1.
| 58 |0 |0 |0.29522173 |0.29522173 |0.30452133 |0.97775531 |0.99933639 |0.99954761 |0.99970962 |1.
| 59 |0 |0 |0.27790284 |0.27790284 |0.28665671 |0.97718911 |0.99933639 |0.9995354  |0.99970172 |1.
| 60 |0 |0 |0.26093853 |0.26093853 |0.26915786 |0.97663452 |0.99933639 |0.99952342 |0.99969398 |1.
| 61 |0 |0 |0.24436357 |0.24436357 |0.25206065 |0.97609267 |0.99933639 |0.99951169 |0.99968639 |1.
| 62 |0 |0 |0.22821174 |0.22821174 |0.23539993 |0.97556466 |0.99933639 |0.99950024 |0.99967899 |1.
| 63 |0 |0 |0.21251557 |0.21251557 |0.21920923 |0.97505156 |0.99933639 |0.9994891  |0.99967179 |1.
| 64 |0 |0 |0.19730599 |0.19730599 |0.20352048 |0.97455438 |0.99933639 |0.99947828 |0.99966479 |1.
| 65 |0 |0 |0.18261211 |0.18261211 |0.18836368 |0.97407407 |0.99933639 |0.99946782 |0.99965803 |1.
| 66 |0 |0 |0.16846082 |0.16846082 |0.1737666  |0.9736115  |0.99933639 |0.99945772 |0.9996515  |1.
| 67 |0 |0 |0.1548766  |0.1548766  |0.15975445 |0.97316748 |0.99933639 |0.99944802 |0.99964523 |1.
| 68 |0 |0 |0.14188117 |0.14188117 |0.14634965 |0.97274271 |0.99933639 |0.99943872 |0.99963922 |1.
| 69 |0 |0 |0.12949324 |0.12949324 |0.13357151 |0.97233781 |0.99933639 |0.99942985 |0.99963348 |1.
| 70 |0 |0 |0.1177283  |0.1177283  |0.12143599 |0.97195328 |0.99933639 |0.99942141 |0.99962802 |1.
| 71 |0 |0 |0.10659839 |0.10659839 |0.10995551 |0.97158951 |0.99933639 |0.99941342 |0.99962285 |1.
| 72 |0 |0 |0.09611192 |0.09611192 |0.09913875 |0.97124677 |0.99933639 |0.99940588 |0.99961798 |1.
| 73 |0 |0 |0.08627354 |0.08627354 |0.08899051 |0.97092522 |0.99933639 |0.9993988  |0.9996134  |1.
| 74 |0 |0 |0.07708407 |0.07708407 |0.0795116  |0.97062489 |0.99933639 |0.99939218 |0.99960912 |1.
| 75 |0 |0 |0.0685404  |0.0685404  |0.07069886 |0.97034566 |0.99933639 |0.99938602 |0.99960514 |1.
| 76 |0 |0 |0.06063557 |0.06063557 |0.06254507 |0.97008732 |0.99933639 |0.99938031 |0.99960145 |1.
| 77 |0 |0 |0.05335879 |0.05335879 |0.05503912 |0.9698495  |0.99933639 |0.99937506 |0.99959805 |1.
| 78 |0 |0 |0.04669559 |0.04669559 |0.04816608 |0.96963174 |0.99933639 |0.99937024 |0.99959493 |1.
| 79 |0 |0 |0.04064229 |0.04064229 |0.04192214 |0.96943392 |0.99933639 |0.99936586 |0.9995921  |1.
| 80 |0 |0 |0.03525259 |0.03525259 |0.03636271 |0.96925778 |0.99933639 |0.99936196 |0.99958958 |1.
| 81 |0 |0 |0.03048226 |0.03048226 |0.03144215 |0.96910188 |0.99933639 |0.9993585  |0.99958735 |1.
| 82 |0 |0 |0.02627329 |0.02627329 |0.02710064 |0.96896433 |0.99933639 |0.99935545 |0.99958537 |1.
| 83 |0 |0 |0.0225715  |0.0225715  |0.02328227 |0.96884336 |0.99933639 |0.99935277 |0.99958364 |1.
| 84 |0 |0 |0.01932639 |0.01932639 |0.01993497 |0.96873731 |0.99933639 |0.99935042 |0.99958212 |1.
| 85 |0 |0 |0.01649115 |0.01649115 |0.01701045 |0.96864466 |0.99933639 |0.99934836 |0.99958079 |1.
| 86 |0 |0 |0.0140225  |0.0140225  |0.01446406 |0.96856398 |0.99933639 |0.99934657 |0.99957963 |1.
| 87 |0 |0 |0.01188057 |0.01188057 |0.01225468 |0.96849399 |0.99933639 |0.99934502 |0.99957862 |1.
| 88 |0 |0 |0.0100288  |0.0100288  |0.0103446  |0.96843347 |0.99933639 |0.99934367 |0.99957776 |1.
| 89 |0 |0 |0.00843378 |0.00843378 |0.00869935 |0.96838135 |0.99933639 |0.99934251 |0.99957701 |1.
| 90 |0 |0 |0.00706507 |0.00706507 |0.00728754 |0.96833662 |0.99933639 |0.99934152 |0.99957636 |1.
| 91 |0 |0 |0.0058951  |0.0058951  |0.00608073 |0.96829839 |0.99933639 |0.99934067 |0.99957581 |1.
| 92 |0 |0 |0.00489896 |0.00489896 |0.00505322 |0.96826584 |0.99933639 |0.99933995 |0.99957535 |1.
| 93 |0 |0 |0.00405426 |0.00405426 |0.00418193 |0.96823823 |0.99933639 |0.99933933 |0.99957495 |1.
| 94 |0 |0 |0.00334095 |0.00334095 |0.00344615 |0.96821492 |0.99933639 |0.99933881 |0.99957461 |1.
| 95 |0 |0 |0.00274115 |0.00274115 |0.00282747 |0.96819532 |0.99933639 |0.99933838 |0.99957433 |1.
| 96 |0 |0 |0.002239   |0.002239   |0.0023095  |0.96817891 |0.99933639 |0.99933801 |0.9995741  |1.
| 97 |0 |0 |0.00182046 |0.00182046 |0.00187779 |0.96816523 |0.99933639 |0.99933771 |0.9995739  |1.
| 98 |0 |0 |0.00147323 |0.00147323 |0.00151962 |0.96815389 |0.99933639 |0.99933746 |0.99957374 |1.
| 99 |0 |0 |0.00118649 |0.00118649 |0.00122385 |0.96814452 |0.99933639 |0.99933725 |0.9995736  |1.
|100 |0 |0 |0.00095139 |0.00095139 |0.00098135 |0.96813683 |0.99933639 |0.99933708 |0.99957349 |1.
|101 |0 |0 |0.00076235 |0.00076235 |0.00078636 |0.96813066 |0.99933639 |0.99933694 |0.9995734  |1.
|102 |0 |0 |0.00061087 |0.00061087 |0.00063011 |0.96812571 |0.99933639 |0.99933683 |0.99957333 |1.
|103 |0 |0 |0.00048949 |0.00048949 |0.00050491 |0.96812174 |0.99933639 |0.99933674 |0.99957327 |1.
|104 |0 |0 |0.00039223 |0.00039223 |0.00040458 |0.96811856 |0.99933639 |0.99933667 |0.99957323 |1.
|105 |0 |0 |0.0003143  |0.0003143  |0.00032419 |0.96811601 |0.99933639 |0.99933662 |0.99957319 |1.
|106 |0 |0 |0.00025184 |0.00025184 |0.00025978 |0.96811397 |0.99933639 |0.99933657 |0.99957316 |1.
|107 |0 |0 |0.0002018  |0.0002018  |0.00020816 |0.96811234 |0.99933639 |0.99933653 |0.99957314 |1.
|108 |0 |0 |0.00016171 |0.00016171 |0.0001668  |0.96811103 |0.99933639 |0.9993365  |0.99957312 |1.
|109 |0 |0 |0.00012957 |0.00012957 |0.00013365 |0.96810998 |0.99933639 |0.99933648 |0.99957311 |1.
|110 |0 |0 |0.00010383 |0.00010383 |0.0001071  |0.96810914 |0.99933639 |0.99933646 |0.99957309 |1.
|111 |0 |0 |0.0000832  |0.0000832  |0.00008582 |0.96810846 |0.99933639 |0.99933645 |0.99957308 |1.
|112 |0 |0 |0.00006667 |0.00006667 |0.00006877 |0.96810792 |0.99933639 |0.99933644 |0.99957308 |1.
|113 |0 |0 |0.00005342 |0.00005342 |0.0000551  |0.96810749 |0.99933639 |0.99933643 |0.99957307 |1.
|114 |0 |0 |0.00004281 |0.00004281 |0.00004415 |0.96810714 |0.99933639 |0.99933642 |0.99957306 |1.
|115 |0 |0 |0.0000343  |0.0000343  |0.00003538 |0.96810686 |0.99933639 |0.99933641 |0.99957306 |1.
|116 |0 |0 |0.00002748 |0.00002748 |0.00002835 |0.96810664 |0.99933639 |0.99933641 |0.99957306 |1.
|117 |0 |0 |0.00002202 |0.00002202 |0.00002272 |0.96810646 |0.99933639 |0.9993364  |0.99957306 |1.
|118 |0 |0 |0.00001765 |0.00001765 |0.0000182  |0.96810632 |0.99933639 |0.9993364  |0.99957305 |1.
|119 |0 |0 |0.00001414 |0.00001414 |0.00001459 |0.96810621 |0.99933639 |0.9993364  |0.99957305 |1.
|120 |0 |0 |0.00001133 |0.00001133 |0.00001169 |0.96810611 |0.99933639 |0.9993364  |0.99957305 |1.
|  0 |1 |0 |0.99683675 |0.99683675 |0.99933639 |0.99933639 |0.99933639 |1.         |1.         |1.
|  1 |1 |0 |0.99053524 |0.99053524 |0.99933639 |0.99933639 |0.99933639 |1.         |1.         |1.
|  2 |1 |0 |0.98427358 |0.98427358 |0.99933639 |0.99933639 |0.99933639 |1.         |1.         |1.
|  3 |1 |0 |0.9780515  |0.9780515  |0.99933639 |0.99933639 |0.99933639 |1.         |1.         |1.
|  4 |1 |0 |0.97186874 |0.97186874 |0.99933639 |0.99933639 |0.99933639 |1.         |1.         |1.
|  5 |1 |0 |0.96572508 |0.96572508 |0.99617359 |0.99932432 |0.99933639 |0.99999955 |0.99999955 |1.
|  6 |1 |0 |0.95962025 |0.95962025 |0.9898739  |0.99927617 |0.99933639 |0.99999773 |0.99999773 |1.
|  7 |1 |0 |0.95355401 |0.95355401 |0.9836155  |0.99918976 |0.99933639 |0.99999447 |0.99999447 |1.
|  8 |1 |0 |0.94752612 |0.94752612 |0.9773981  |0.99906531 |0.99933639 |0.99998978 |0.99998978 |1.
|  9 |1 |0 |0.94153634 |0.94153634 |0.97122141 |0.99890303 |0.99933639 |0.99998372 |0.99998372 |1.
| 10 |1 |0 |0.93558442 |0.93558442 |0.96507289 |0.99870271 |0.99933639 |0.99998858 |0.99998925 |1.
| 11 |1 |0 |0.92967012 |0.92967012 |0.95895817 |0.99849593 |0.99933639 |0.99999847 |0.99999999 |1.
| 12 |1 |0 |0.92379322 |0.92379322 |0.95289217 |0.99830112 |0.99933639 |0.99999823 |0.99999998 |1.
| 13 |1 |0 |0.91795346 |0.91795346 |0.94686452 |0.99810754 |0.99933639 |0.99999799 |0.99999998 |1.
| 14 |1 |0 |0.91215062 |0.91215062 |0.94087498 |0.99791519 |0.99933639 |0.99999774 |0.99999998 |1.
| 15 |1 |0 |0.90638446 |0.90638446 |0.93492331 |0.99772406 |0.99933639 |0.9999975  |0.99999997 |1.
| 16 |1 |0 |0.90065475 |0.90065475 |0.92900926 |0.99753413 |0.99933639 |0.99999726 |0.99999997 |1.
| 17 |1 |0 |0.89496127 |0.89496127 |0.92313259 |0.9973454  |0.99933639 |0.99999701 |0.99999997 |1.
| 18 |1 |0 |0.88930377 |0.88930377 |0.91729309 |0.99715787 |0.99933639 |0.99999676 |0.99999996 |1.
| 19 |1 |0 |0.88368204 |0.88368204 |0.91149049 |0.99697152 |0.99933639 |0.99999651 |0.99999996 |1.
| 20 |1 |0 |0.87809585 |0.87809585 |0.90572459 |0.99678635 |0.99933639 |0.99999626 |0.99999996 |1.
| 21 |1 |0 |0.87254497 |0.87254497 |0.89999513 |0.99660235 |0.99933639 |0.99999601 |0.99999995 |1.
| 22 |1 |0 |0.86702917 |0.86702917 |0.8943019  |0.99641951 |0.99933639 |0.99999576 |0.99999995 |1.
| 23 |1 |0 |0.86144618 |0.86144618 |0.8885393  |0.99623445 |0.99933639 |0.9999955  |0.99999995 |1.
| 24 |1 |0 |0.85517233 |0.85517233 |0.88206362 |0.99602648 |0.99933639 |0.9999952  |0.99999994 |1.
| 25 |1 |0 |0.84801364 |0.84801364 |0.87467466 |0.99578919 |0.99933639 |0.99999486 |0.99999994 |1.
| 26 |1 |0 |0.8398543  |0.8398543  |0.86625285 |0.99551873 |0.99933639 |0.99999446 |0.99999993 |1.
| 27 |1 |0 |0.83056618 |0.83056618 |0.85666597 |0.99521084 |0.99933639 |0.999994   |0.99999993 |1.
| 28 |1 |0 |0.82000853 |0.82000853 |0.84576873 |0.99486088 |0.99933639 |0.99999347 |0.99999992 |1.
| 29 |1 |0 |0.80802789 |0.80802789 |0.83340275 |0.99446375 |0.99933639 |0.99999285 |0.99999991 |1.
| 30 |1 |0 |0.7944587  |0.7944587  |0.81939713 |0.99401396 |0.99933639 |0.99999212 |0.9999999  |1.
| 31 |1 |0 |0.77933085 |0.77933085 |0.80378277 |0.99351251 |0.99933639 |0.99999128 |0.99999989 |1.
| 32 |1 |0 |0.76370986 |0.76370986 |0.78765944 |0.99299471 |0.99933639 |0.99999038 |0.99999988 |1.
| 33 |1 |0 |0.74778082 |0.74778082 |0.77121817 |0.9924667  |0.99933639 |0.99998943 |0.99999987 |1.
| 34 |1 |0 |0.73155111 |0.73155111 |0.75446663 |0.99192872 |0.99933639 |0.99998842 |0.99999985 |1.
| 35 |1 |0 |0.71502938 |0.71502938 |0.7374137  |0.99138107 |0.99933639 |0.99998735 |0.99999984 |1.
| 36 |1 |0 |0.6982255  |0.6982255  |0.72006961 |0.99082406 |0.99933639 |0.99998622 |0.99999982 |1.
| 37 |1 |0 |0.68115069 |0.68115069 |0.70244593 |0.99025807 |0.99933639 |0.99998501 |0.99999981 |1.
| 38 |1 |0 |0.66381752 |0.66381752 |0.68455564 |0.98968352 |0.99933639 |0.99998372 |0.99999979 |1.
| 39 |1 |0 |0.64624    |0.64624    |0.66641321 |0.98910087 |0.99933639 |0.99998235 |0.99999977 |1.
| 40 |1 |0 |0.62843355 |0.62843355 |0.64803457 |0.98851064 |0.99933639 |0.9999809  |0.99999975 |1.
| 41 |1 |0 |0.61041511 |0.61041511 |0.62943721 |0.98791337 |0.99933639 |0.99997934 |0.99999973 |1.
| 42 |1 |0 |0.59220314 |0.59220314 |0.61064018 |0.9873097  |0.99933639 |0.99997768 |0.99999971 |1.
| 43 |1 |0 |0.57381759 |0.57381759 |0.5916641  |0.98670027 |0.99933639 |0.99997591 |0.99999968 |1.
| 44 |1 |0 |0.55527999 |0.55527999 |0.57253118 |0.9860858  |0.99933639 |0.99997402 |0.99999966 |1.
| 45 |1 |0 |0.53661337 |0.53661337 |0.55326523 |0.98546706 |0.99933639 |0.99997199 |0.99999963 |1.
| 46 |1 |0 |0.51784231 |0.51784231 |0.53389162 |0.98484486 |0.99933639 |0.99996982 |0.9999996  |1.
| 47 |1 |0 |0.49899288 |0.49899288 |0.51443726 |0.98422006 |0.99933639 |0.99996749 |0.99999957 |1.
| 48 |1 |0 |0.48009258 |0.48009258 |0.49493058 |0.98359358 |0.99933639 |0.99996499 |0.99999954 |1.
| 49 |1 |0 |0.46117034 |0.46117034 |0.47540143 |0.98296637 |0.99933639 |0.9999623  |0.9999995  |1.
| 50 |1 |0 |0.4422564  |0.4422564  |0.45588105 |0.98233944 |0.99933639 |0.99995941 |0.99999946 |1.
| 51 |1 |0 |0.42338223 |0.42338223 |0.43640194 |0.98171383 |0.99933639 |0.9999563  |0.99999942 |1.
| 52 |1 |0 |0.40458044 |0.40458044 |0.41699778 |0.98109063 |0.99933639 |0.99995295 |0.99999937 |1.
| 53 |1 |0 |0.38588464 |0.38588464 |0.39770329 |0.98047094 |0.99933639 |0.99994934 |0.99999933 |1.
| 54 |1 |0 |0.36732928 |0.36732928 |0.37855406 |0.97985591 |0.99933639 |0.99994544 |0.99999927 |1.
| 55 |1 |0 |0.34894952 |0.34894952 |0.3595864  |0.97924671 |0.99933639 |0.99994122 |0.99999922 |1.
| 56 |1 |0 |0.33078103 |0.33078103 |0.34083716 |0.97864451 |0.99933639 |0.99993665 |0.99999916 |1.
| 57 |1 |0 |0.31285975 |0.31285975 |0.32234347 |0.97805052 |0.99933639 |0.99993171 |0.99999909 |1.
| 58 |1 |0 |0.29522173 |0.29522173 |0.30414259 |0.97746592 |0.99933639 |0.99992635 |0.99999902 |1.
| 59 |1 |0 |0.27790284 |0.27790284 |0.28627156 |0.9768919  |0.99933639 |0.99992054 |0.99999894 |1.
| 60 |1 |0 |0.26093853 |0.26093853 |0.26876704 |0.97632964 |0.99933639 |0.99991423 |0.99999885 |1.
| 61 |1 |0 |0.24436357 |0.24436357 |0.25166496 |0.9757803  |0.99933639 |0.99990738 |0.99999876 |1.
| 62 |1 |0 |0.22821174 |0.22821174 |0.23500023 |0.97524499 |0.99933639 |0.99989994 |0.99999866 |1.
| 63 |1 |0 |0.21251557 |0.21251557 |0.21880648 |0.9747248  |0.99933639 |0.99989184 |0.99999855 |1.
| 64 |1 |0 |0.19730599 |0.19730599 |0.20311572 |0.97422074 |0.99933639 |0.99988304 |0.99999843 |1.
| 65 |1 |0 |0.18261211 |0.18261211 |0.18795802 |0.97373379 |0.99933639 |0.99987348 |0.99999831 |1.
| 66 |1 |0 |0.16846082 |0.16846082 |0.17336124 |0.97326484 |0.99933639 |0.99986308 |0.99999817 |1.
| 67 |1 |0 |0.1548766  |0.1548766  |0.15935068 |0.97281469 |0.99933639 |0.99985179 |0.99999801 |1.
| 68 |1 |0 |0.14188117 |0.14188117 |0.14594884 |0.97238408 |0.99933639 |0.99983954 |0.99999785 |1.
| 69 |1 |0 |0.12949324 |0.12949324 |0.1331751  |0.97197362 |0.99933639 |0.99982626 |0.99999767 |1.
| 70 |1 |0 |0.1177283  |0.1177283  |0.12104551 |0.97158382 |0.99933639 |0.9998119  |0.99999748 |1.
| 71 |1 |0 |0.10659839 |0.10659839 |0.10957253 |0.97121509 |0.99933639 |0.9997964  |0.99999727 |1.
| 72 |1 |0 |0.09611192 |0.09611192 |0.09876491 |0.97086771 |0.99933639 |0.99977972 |0.99999704 |1.
| 73 |1 |0 |0.08627354 |0.08627354 |0.08862747 |0.97054182 |0.99933639 |0.99976184 |0.9999968  |1.
| 74 |1 |0 |0.07708407 |0.07708407 |0.07916103 |0.97023746 |0.99933639 |0.99974275 |0.99999655 |1.
| 75 |1 |0 |0.0685404  |0.0685404  |0.07036239 |0.96995452 |0.99933639 |0.99972248 |0.99999627 |1.
| 76 |1 |0 |0.06063557 |0.06063557 |0.0622243  |0.96969278 |0.99933639 |0.99970109 |0.99999599 |1.
| 77 |1 |0 |0.05335879 |0.05335879 |0.05473552 |0.96945186 |0.99933639 |0.99967866 |0.99999569 |1.
| 78 |1 |0 |0.04669559 |0.04669559 |0.04788099 |0.9692313  |0.99933639 |0.99965533 |0.99999537 |1.
| 79 |1 |0 |0.04064229 |0.04064229 |0.04165664 |0.96903097 |0.99933639 |0.99963136 |0.99999505 |1.
| 80 |1 |0 |0.03525259 |0.03525259 |0.03611732 |0.96885263 |0.99933639 |0.99960735 |0.99999473 |1.
| 81 |1 |0 |0.03048226 |0.03048226 |0.03121706 |0.96869482 |0.99933639 |0.9995836  |0.99999441 |1.
| 82 |1 |0 |0.02627329 |0.02627329 |0.02689574 |0.96855561 |0.99933639 |0.99956035 |0.99999409 |1.
| 83 |1 |0 |0.0225715  |0.0225715  |0.02309718 |0.96843321 |0.99933639 |0.99953786 |0.99999379 |1.
| 84 |1 |0 |0.01932639 |0.01932639 |0.01976907 |0.96832593 |0.99933639 |0.99951632 |0.9999935  |1.
| 85 |1 |0 |0.01649115 |0.01649115 |0.01686289 |0.96823222 |0.99933639 |0.99949593 |0.99999323 |1.
| 86 |1 |0 |0.0140225  |0.0140225  |0.0143338  |0.96815064 |0.99933639 |0.99947683 |0.99999297 |1.
| 87 |1 |0 |0.01188057 |0.01188057 |0.01214057 |0.96807988 |0.99933639 |0.99945913 |0.99999273 |1.
| 88 |1 |0 |0.0100288  |0.0100288  |0.01024537 |0.96801871 |0.99933639 |0.9994429  |0.99999251 |1.
| 89 |1 |0 |0.00843378 |0.00843378 |0.00861369 |0.96796604 |0.99933639 |0.99942818 |0.99999232 |1.
| 90 |1 |0 |0.00706507 |0.00706507 |0.00721411 |0.96792085 |0.99933639 |0.99941495 |0.99999214 |1.
| 91 |1 |0 |0.0058951  |0.0058951  |0.00601822 |0.96788222 |0.99933639 |0.99940318 |0.99999198 |1.
| 92 |1 |0 |0.00489896 |0.00489896 |0.00500037 |0.96784934 |0.99933639 |0.9993928  |0.99999184 |1.
| 93 |1 |0 |0.00405426 |0.00405426 |0.00413753 |0.96782146 |0.99933639 |0.99938373 |0.99999172 |1.
| 94 |1 |0 |0.00334095 |0.00334095 |0.0034091  |0.96779792 |0.99933639 |0.99937587 |0.99999161 |1.
| 95 |1 |0 |0.00274115 |0.00274115 |0.00279673 |0.96777813 |0.99933639 |0.99936911 |0.99999152 |1.
| 96 |1 |0 |0.002239   |0.002239   |0.00228416 |0.96776156 |0.99933639 |0.99936335 |0.99999144 |1.
| 97 |1 |0 |0.00182046 |0.00182046 |0.00185703 |0.96774776 |0.99933639 |0.99935847 |0.99999138 |1.
| 98 |1 |0 |0.00147323 |0.00147323 |0.00150271 |0.9677363  |0.99933639 |0.99935436 |0.99999132 |1.
| 99 |1 |0 |0.00118649 |0.00118649 |0.00121016 |0.96772684 |0.99933639 |0.99935094 |0.99999128 |1.
|100 |1 |0 |0.00095139 |0.00095139 |0.00097033 |0.96771909 |0.99933639 |0.9993481  |0.99999124 |1.
|101 |1 |0 |0.00076235 |0.00076235 |0.00077749 |0.96771285 |0.99933639 |0.99934581 |0.99999121 |1.
|102 |1 |0 |0.00061087 |0.00061087 |0.00062298 |0.96770785 |0.99933639 |0.99934395 |0.99999118 |1.
|103 |1 |0 |0.00048949 |0.00048949 |0.00049918 |0.96770385 |0.99933639 |0.99934246 |0.99999116 |1.
|104 |1 |0 |0.00039223 |0.00039223 |0.00039999 |0.96770064 |0.99933639 |0.99934127 |0.99999115 |1.
|105 |1 |0 |0.0003143  |0.0003143  |0.00032051 |0.96769807 |0.99933639 |0.9993403  |0.99999113 |1.
|106 |1 |0 |0.00025184 |0.00025184 |0.00025682 |0.96769601 |0.99933639 |0.99933953 |0.99999112 |1.
|107 |1 |0 |0.0002018  |0.0002018  |0.00020579 |0.96769436 |0.99933639 |0.99933891 |0.99999112 |1.
|108 |1 |0 |0.00016171 |0.00016171 |0.0001649  |0.96769304 |0.99933639 |0.99933841 |0.99999111 |1.
|109 |1 |0 |0.00012957 |0.00012957 |0.00013213 |0.96769198 |0.99933639 |0.99933801 |0.9999911  |1.
|110 |1 |0 |0.00010383 |0.00010383 |0.00010588 |0.96769113 |0.99933639 |0.99933768 |0.9999911  |1.
|111 |1 |0 |0.0000832  |0.0000832  |0.00008484 |0.96769045 |0.99933639 |0.99933743 |0.9999911  |1.
|112 |1 |0 |0.00006667 |0.00006667 |0.00006798 |0.96768991 |0.99933639 |0.99933722 |0.99999109 |1.
|113 |1 |0 |0.00005342 |0.00005342 |0.00005447 |0.96768947 |0.99933639 |0.99933706 |0.99999109 |1.
|114 |1 |0 |0.00004281 |0.00004281 |0.00004365 |0.96768912 |0.99933639 |0.99933692 |0.99999109 |1.
|115 |1 |0 |0.0000343  |0.0000343  |0.00003498 |0.96768884 |0.99933639 |0.99933682 |0.99999109 |1.
|116 |1 |0 |0.00002748 |0.00002748 |0.00002803 |0.96768861 |0.99933639 |0.99933673 |0.99999109 |1.
|117 |1 |0 |0.00002202 |0.00002202 |0.00002246 |0.96768843 |0.99933639 |0.99933666 |0.99999109 |1.
|118 |1 |0 |0.00001765 |0.00001765 |0.00001799 |0.96768829 |0.99933639 |0.99933661 |0.99999108 |1.
|119 |1 |0 |0.00001414 |0.00001414 |0.00001442 |0.96768817 |0.99933639 |0.99933656 |0.99999108 |1.
|120 |1 |0 |0.00001133 |0.00001133 |0.00001155 |0.96768808 |0.99933639 |0.99933653 |0.99999108 |1.
|  0 |0 |2 |0.99364836 |0.99364836 |0.99933639 |0.99933639 |0.99933639 |1.         |1.         |1.
|  1 |0 |2 |0.98104586 |0.98104586 |0.99933639 |0.99933639 |0.99933639 |1.         |1.         |1.
|  2 |0 |2 |0.96860321 |0.96860321 |0.99933639 |0.99933639 |0.99933639 |1.         |1.         |1.
|  3 |0 |2 |0.95631837 |0.95631837 |0.99933639 |0.99933639 |0.99933639 |1.         |1.         |1.
|  4 |0 |2 |0.94418933 |0.94418933 |0.99933639 |0.99933639 |0.99933639 |1.         |1.         |1.
|  5 |0 |2 |0.93221413 |0.93221413 |0.99298569 |0.99928666 |0.99933639 |0.99999905 |0.99999921 |1.
|  6 |0 |2 |0.92039081 |0.92039081 |0.98038644 |0.99908766 |0.99933639 |0.99999581 |0.99999699 |1.
|  7 |0 |2 |0.90871745 |0.90871745 |0.9679482  |0.99873054 |0.99933639 |0.9999914  |0.99999409 |1.
|  8 |0 |2 |0.89719214 |0.89719214 |0.95566839 |0.99821705 |0.99933639 |0.99998637 |0.99999075 |1.
|  9 |0 |2 |0.88581301 |0.88581301 |0.9435448  |0.99754909 |0.99933639 |0.99998092 |0.99998706 |1.
| 10 |0 |2 |0.8745782  |0.8745782  |0.9315754  |0.99677923 |0.99933639 |0.99997512 |0.99998294 |1.
| 11 |0 |2 |0.86348588 |0.86348588 |0.91975862 |0.99601019 |0.99933639 |0.99996858 |0.99997776 |1.
| 12 |0 |2 |0.85253424 |0.85253424 |0.90809174 |0.99525094 |0.99933639 |0.9999621  |0.99997262 |1.
| 13 |0 |2 |0.84172151 |0.84172151 |0.89657286 |0.99450134 |0.99933639 |0.99995567 |0.99996751 |1.
| 14 |0 |2 |0.83104591 |0.83104591 |0.88520011 |0.99376127 |0.99933639 |0.99994929 |0.99996245 |1.
| 15 |0 |2 |0.82050571 |0.82050571 |0.87397163 |0.99303062 |0.99933639 |0.99994296 |0.99995743 |1.
| 16 |0 |2 |0.8100992  |0.8100992  |0.86288559 |0.99230925 |0.99933639 |0.99993668 |0.99995244 |1.
| 17 |0 |2 |0.79982467 |0.79982467 |0.85194018 |0.99159706 |0.99933639 |0.99993045 |0.9999475  |1.
| 18 |0 |2 |0.78968045 |0.78968045 |0.84113363 |0.99089392 |0.99933639 |0.99992427 |0.9999426  |1.
| 19 |0 |2 |0.7796649  |0.7796649  |0.83046416 |0.99019972 |0.99933639 |0.99991814 |0.99993773 |1.
| 20 |0 |2 |0.76977637 |0.76977637 |0.81993004 |0.98951435 |0.99933639 |0.99991206 |0.99993291 |1.
| 21 |0 |2 |0.76001325 |0.76001325 |0.80952955 |0.98883769 |0.99933639 |0.99990603 |0.99992813 |1.
| 22 |0 |2 |0.75037397 |0.75037397 |0.799261   |0.98816964 |0.99933639 |0.99990005 |0.99992338 |1.
| 23 |0 |2 |0.74085694 |0.74085694 |0.78912272 |0.98751008 |0.99933639 |0.99989412 |0.99991868 |1.
| 24 |0 |2 |0.73146061 |0.73146061 |0.77911304 |0.9868589  |0.99933639 |0.99988824 |0.99991401 |1.
| 25 |0 |2 |0.72218346 |0.72218346 |0.76923034 |0.98621601 |0.99933639 |0.99988242 |0.99990939 |1.
| 26 |0 |2 |0.71302397 |0.71302397 |0.75947301 |0.98558128 |0.99933639 |0.99987663 |0.9999048  |1.
| 27 |0 |2 |0.70398065 |0.70398065 |0.74983945 |0.98495463 |0.99933639 |0.9998709  |0.99990025 |1.
| 28 |0 |2 |0.69488624 |0.69488624 |0.7401515  |0.98432445 |0.99933639 |0.99986512 |0.99989566 |1.
| 29 |0 |2 |0.68473369 |0.68473369 |0.72933637 |0.98362098 |0.99933639 |0.99985863 |0.99989051 |1.
| 30 |0 |2 |0.67323497 |0.67323497 |0.71708725 |0.98282426 |0.99933639 |0.99985124 |0.99988465 |1.
| 31 |0 |2 |0.66041543 |0.66041543 |0.70343117 |0.98193606 |0.99933639 |0.99984295 |0.99987807 |1.
| 32 |0 |2 |0.647178   |0.647178   |0.68932998 |0.98101895 |0.99933639 |0.99983435 |0.99987125 |1.
| 33 |0 |2 |0.63367951 |0.63367951 |0.67495075 |0.9800838  |0.99933639 |0.99982551 |0.99986424 |1.
| 34 |0 |2 |0.61992624 |0.61992624 |0.66030018 |0.97913104 |0.99933639 |0.99981646 |0.99985705 |1.
| 35 |0 |2 |0.6059255  |0.6059255  |0.64538606 |0.97816119 |0.99933639 |0.99980718 |0.99984969 |1.
| 36 |0 |2 |0.59168567 |0.59168567 |0.6302173  |0.97717482 |0.99933639 |0.99979768 |0.99984215 |1.
| 37 |0 |2 |0.57721625 |0.57721625 |0.61480404 |0.97617261 |0.99933639 |0.99978795 |0.99983443 |1.
| 38 |0 |2 |0.56252789 |0.56252789 |0.59915764 |0.97515528 |0.99933639 |0.99977802 |0.99982655 |1.
| 39 |0 |2 |0.54763245 |0.54763245 |0.58329073 |0.97412367 |0.99933639 |0.99976787 |0.99981849 |1.
| 40 |0 |2 |0.53254303 |0.53254303 |0.56721725 |0.97307869 |0.99933639 |0.99975751 |0.99981028 |1.
| 41 |0 |2 |0.51727397 |0.51727397 |0.55095249 |0.97202132 |0.99933639 |0.99974695 |0.9998019  |1.
| 42 |0 |2 |0.50184089 |0.50184089 |0.5345131  |0.97095266 |0.99933639 |0.9997362  |0.99979337 |1.
| 43 |0 |2 |0.48626074 |0.48626074 |0.51791712 |0.96987388 |0.99933639 |0.99972526 |0.99978469 |1.
| 44 |0 |2 |0.47055172 |0.47055172 |0.50118397 |0.96878625 |0.99933639 |0.99971415 |0.99977587 |1.
| 45 |0 |2 |0.45473338 |0.45473338 |0.48433446 |0.96769111 |0.99933639 |0.99970288 |0.99976693 |1.
| 46 |0 |2 |0.43882653 |0.43882653 |0.46739076 |0.96658992 |0.99933639 |0.99969145 |0.99975786 |1.
| 47 |0 |2 |0.42285327 |0.42285327 |0.4503764  |0.9654842  |0.99933639 |0.99967989 |0.99974868 |1.
| 48 |0 |2 |0.40683691 |0.40683691 |0.43331622 |0.96437558 |0.99933639 |0.9996682  |0.99973941 |1.
| 49 |0 |2 |0.39080195 |0.39080195 |0.41623633 |0.96326574 |0.99933639 |0.9996564  |0.99973005 |1.
| 50 |0 |2 |0.37477402 |0.37477402 |0.39916403 |0.96215646 |0.99933639 |0.99964451 |0.99972061 |1.
| 51 |0 |2 |0.35877979 |0.35877979 |0.38212772 |0.96104959 |0.99933639 |0.99963255 |0.99971112 |1.
| 52 |0 |2 |0.3428469  |0.3428469  |0.36515684 |0.95994704 |0.99933639 |0.99962055 |0.9997016  |1.
| 53 |0 |2 |0.32700382 |0.32700382 |0.34828172 |0.95885079 |0.99933639 |0.99960851 |0.99969204 |1.
| 54 |0 |2 |0.31127977 |0.31127977 |0.33153346 |0.95776284 |0.99933639 |0.99959646 |0.99968249 |1.
| 55 |0 |2 |0.29570451 |0.29570451 |0.31494381 |0.95668527 |0.99933639 |0.99958444 |0.99967295 |1.
| 56 |0 |2 |0.28030829 |0.28030829 |0.29854493 |0.95562016 |0.99933639 |0.99957246 |0.99966344 |1.
| 57 |0 |2 |0.26512155 |0.26512155 |0.28236928 |0.95456962 |0.99933639 |0.99956054 |0.99965399 |1.
| 58 |0 |2 |0.25017486 |0.25017486 |0.26644939 |0.95353575 |0.99933639 |0.99954873 |0.99964461 |1.
| 59 |0 |2 |0.2354986  |0.2354986  |0.25081764 |0.95252066 |0.99933639 |0.99953704 |0.99963533 |1.
| 60 |0 |2 |0.22112282 |0.22112282 |0.23550601 |0.95152643 |0.99933639 |0.9995255  |0.99962618 |1.
| 61 |0 |2 |0.20707697 |0.20707697 |0.22054589 |0.95055507 |0.99933639 |0.99951414 |0.99961716 |1.
| 62 |0 |2 |0.1933897  |0.1933897  |0.20596775 |0.94960858 |0.99933639 |0.99950299 |0.99960831 |1.
| 63 |0 |2 |0.18008855 |0.18008855 |0.19180095 |0.94868885 |0.99933639 |0.99949207 |0.99959966 |1.
| 64 |0 |2 |0.16719975 |0.16719975 |0.17807341 |0.9477977  |0.99933639 |0.99948143 |0.99959121 |1.
| 65 |0 |2 |0.15474795 |0.15474795 |0.16481138 |0.94693681 |0.99933639 |0.99947107 |0.99958299 |1.
| 66 |0 |2 |0.14275597 |0.14275597 |0.15203914 |0.94610777 |0.99933639 |0.99946103 |0.99957502 |1.
| 67 |0 |2 |0.13124451 |0.13124451 |0.13977877 |0.94531199 |0.99933639 |0.99945133 |0.99956733 |1.
| 68 |0 |2 |0.12023201 |0.12023201 |0.12804985 |0.94455075 |0.99933639 |0.999442   |0.99955992 |1.
| 69 |0 |2 |0.10973431 |0.10973431 |0.11686929 |0.94382514 |0.99933639 |0.99943305 |0.99955282 |1.
| 70 |0 |2 |0.09976454 |0.09976454 |0.10625105 |0.94313605 |0.99933639 |0.99942451 |0.99954604 |1.
| 71 |0 |2 |0.09033291 |0.09033291 |0.09620598 |0.9424842  |0.99933639 |0.99941638 |0.99953959 |1.
| 72 |0 |2 |0.08144653 |0.08144653 |0.08674167 |0.94187005 |0.99933639 |0.99940868 |0.99953349 |1.
| 73 |0 |2 |0.07310936 |0.07310936 |0.07786233 |0.9412939  |0.99933639 |0.99940143 |0.99952773 |1.
| 74 |0 |2 |0.06532207 |0.06532207 |0.06956865 |0.94075576 |0.99933639 |0.99939463 |0.99952233 |1.
| 75 |0 |2 |0.05808205 |0.05808205 |0.06185786 |0.94025547 |0.99933639 |0.99938827 |0.99951729 |1.
| 76 |0 |2 |0.0513834  |0.0513834  |0.05472365 |0.9397926  |0.99933639 |0.99938237 |0.99951261 |1.
| 77 |0 |2 |0.04521696 |0.04521696 |0.04815628 |0.93936652 |0.99933639 |0.99937692 |0.99950828 |1.
| 78 |0 |2 |0.03957047 |0.03957047 |0.04214269 |0.93897638 |0.99933639 |0.99937192 |0.99950431 |1.
| 79 |0 |2 |0.03444082 |0.03444082 |0.03667956 |0.93862197 |0.99933639 |0.99936735 |0.99950069 |1.
| 80 |0 |2 |0.02987352 |0.02987352 |0.03181533 |0.93830641 |0.99933639 |0.99936328 |0.99949746 |1.
| 81 |0 |2 |0.02583107 |0.02583107 |0.0275101  |0.93802713 |0.99933639 |0.99935967 |0.99949459 |1.
| 82 |0 |2 |0.02226434 |0.02226434 |0.02371151 |0.93778071 |0.99933639 |0.99935647 |0.99949206 |1.
| 83 |0 |2 |0.01912739 |0.01912739 |0.02037064 |0.937564   |0.99933639 |0.99935366 |0.99948982 |1.
| 84 |0 |2 |0.01637744 |0.01637744 |0.01744194 |0.93737402 |0.99933639 |0.99935119 |0.99948786 |1.
| 85 |0 |2 |0.01397482 |0.01397482 |0.01488315 |0.93720804 |0.99933639 |0.99934902 |0.99948615 |1.
| 86 |0 |2 |0.01188285 |0.01188285 |0.0126552  |0.93706352 |0.99933639 |0.99934714 |0.99948465 |1.
| 87 |0 |2 |0.01006775 |0.01006775 |0.01072212 |0.93693813 |0.99933639 |0.9993455  |0.99948335 |1.
| 88 |0 |2 |0.00849854 |0.00849854 |0.00905091 |0.93682973 |0.99933639 |0.99934408 |0.99948223 |1.
| 89 |0 |2 |0.00714689 |0.00714689 |0.00761141 |0.93673635 |0.99933639 |0.99934286 |0.99948126 |1.
| 90 |0 |2 |0.00598703 |0.00598703 |0.00637616 |0.93665623 |0.99933639 |0.99934181 |0.99948042 |1.
| 91 |0 |2 |0.00499558 |0.00499558 |0.00532027 |0.93658774 |0.99933639 |0.99934092 |0.99947971 |1.
| 92 |0 |2 |0.00415144 |0.00415144 |0.00442127 |0.93652943 |0.99933639 |0.99934015 |0.99947911 |1.
| 93 |0 |2 |0.00343564 |0.00343564 |0.00365893 |0.93647998 |0.99933639 |0.9993395  |0.99947859 |1.
| 94 |0 |2 |0.00283117 |0.00283117 |0.00301518 |0.93643823 |0.99933639 |0.99933896 |0.99947816 |1.
| 95 |0 |2 |0.00232289 |0.00232289 |0.00247386 |0.93640312 |0.99933639 |0.99933849 |0.99947779 |1.
| 96 |0 |2 |0.00189735 |0.00189735 |0.00202067 |0.93637372 |0.99933639 |0.99933811 |0.99947748 |1.
| 97 |0 |2 |0.00154269 |0.00154269 |0.00164295 |0.93634922 |0.99933639 |0.99933779 |0.99947723 |1.
| 98 |0 |2 |0.00124843 |0.00124843 |0.00132957 |0.93632889 |0.99933639 |0.99933752 |0.99947702 |1.
| 99 |0 |2 |0.00100545 |0.00100545 |0.0010708  |0.93631211 |0.99933639 |0.9993373  |0.99947684 |1.
|100 |0 |2 |0.00080622 |0.00080622 |0.00085862 |0.93629835 |0.99933639 |0.99933712 |0.9994767  |1.
|101 |0 |2 |0.00064603 |0.00064603 |0.00068801 |0.93628728 |0.99933639 |0.99933697 |0.99947658 |1.
|102 |0 |2 |0.00051766 |0.00051766 |0.00055131 |0.93627841 |0.99933639 |0.99933686 |0.99947649 |1.
|103 |0 |2 |0.0004148  |0.0004148  |0.00044176 |0.93627131 |0.99933639 |0.99933676 |0.99947642 |1.
|104 |0 |2 |0.00033238 |0.00033238 |0.00035398 |0.93626562 |0.99933639 |0.99933669 |0.99947636 |1.
|105 |0 |2 |0.00026634 |0.00026634 |0.00028365 |0.93626105 |0.99933639 |0.99933663 |0.99947631 |1.
|106 |0 |2 |0.00021342 |0.00021342 |0.00022729 |0.9362574  |0.99933639 |0.99933658 |0.99947627 |1.
|107 |0 |2 |0.00017101 |0.00017101 |0.00018213 |0.93625447 |0.99933639 |0.99933654 |0.99947624 |1.
|108 |0 |2 |0.00013703 |0.00013703 |0.00014594 |0.93625212 |0.99933639 |0.99933651 |0.99947622 |1.
|109 |0 |2 |0.0001098  |0.0001098  |0.00011694 |0.93625024 |0.99933639 |0.99933649 |0.9994762  |1.
|110 |0 |2 |0.00008799 |0.00008799 |0.0000937  |0.93624873 |0.99933639 |0.99933647 |0.99947618 |1.
|111 |0 |2 |0.0000705  |0.0000705  |0.00007509 |0.93624753 |0.99933639 |0.99933645 |0.99947617 |1.
|112 |0 |2 |0.00005649 |0.00005649 |0.00006017 |0.93624656 |0.99933639 |0.99933644 |0.99947616 |1.
|113 |0 |2 |0.00004527 |0.00004527 |0.00004821 |0.93624578 |0.99933639 |0.99933643 |0.99947615 |1.
|114 |0 |2 |0.00003627 |0.00003627 |0.00003863 |0.93624516 |0.99933639 |0.99933642 |0.99947615 |1.
|115 |0 |2 |0.00002907 |0.00002907 |0.00003096 |0.93624466 |0.99933639 |0.99933641 |0.99947614 |1.
|116 |0 |2 |0.00002329 |0.00002329 |0.0000248  |0.93624426 |0.99933639 |0.99933641 |0.99947614 |1.
|117 |0 |2 |0.00001866 |0.00001866 |0.00001988 |0.93624395 |0.99933639 |0.9993364  |0.99947613 |1.
|118 |0 |2 |0.00001495 |0.00001495 |0.00001593 |0.93624369 |0.99933639 |0.9993364  |0.99947613 |1.
|119 |0 |2 |0.00001198 |0.00001198 |0.00001276 |0.93624348 |0.99933639 |0.9993364  |0.99947613 |1.
|120 |0 |2 |0.0000096  |0.0000096  |0.00001023 |0.93624332 |0.99933639 |0.9993364  |0.99947613 |1.
|  0 |1 |2 |0.99364836 |0.99364836 |0.99933639 |0.99933639 |0.99933639 |1.         |1.         |1.
|  1 |1 |2 |0.98104586 |0.98104586 |0.99933639 |0.99933639 |0.99933639 |1.         |1.         |1.
|  2 |1 |2 |0.96860321 |0.96860321 |0.99933639 |0.99933639 |0.99933639 |1.         |1.         |1.
|  3 |1 |2 |0.95631837 |0.95631837 |0.99933639 |0.99933639 |0.99933639 |1.         |1.         |1.
|  4 |1 |2 |0.94418933 |0.94418933 |0.99933639 |0.99933639 |0.99933639 |1.         |1.         |1.
|  5 |1 |2 |0.93221413 |0.93221413 |0.99298567 |0.99928679 |0.99933639 |0.99999907 |0.99999907 |1.
|  6 |1 |2 |0.92039081 |0.92039081 |0.98038689 |0.9990893  |0.99933639 |0.99999536 |0.99999536 |1.
|  7 |1 |2 |0.90871745 |0.90871745 |0.96795091 |0.99873594 |0.99933639 |0.99998869 |0.99998869 |1.
|  8 |1 |2 |0.89719214 |0.89719214 |0.95567557 |0.99822862 |0.99933639 |0.99997918 |0.99997918 |1.
|  9 |1 |2 |0.88581301 |0.88581301 |0.94355872 |0.99756914 |0.99933639 |0.999967   |0.999967   |1.
| 10 |1 |2 |0.8745782  |0.8745782  |0.93157287 |0.99678384 |0.99933639 |0.99997765 |0.99997833 |1.
| 11 |1 |2 |0.86348588 |0.86348588 |0.91972877 |0.99598798 |0.99933639 |0.99999843 |0.99999997 |1.
| 12 |1 |2 |0.85253424 |0.85253424 |0.90805566 |0.99522359 |0.99933639 |0.99999818 |0.99999996 |1.
| 13 |1 |2 |0.84172151 |0.84172151 |0.8965306  |0.9944689  |0.99933639 |0.99999793 |0.99999996 |1.
| 14 |1 |2 |0.83104591 |0.83104591 |0.88515172 |0.99372377 |0.99933639 |0.99999767 |0.99999995 |1.
| 15 |1 |2 |0.82050571 |0.82050571 |0.87391717 |0.9929881  |0.99933639 |0.99999741 |0.99999994 |1.
| 16 |1 |2 |0.8100992  |0.8100992  |0.86282511 |0.99226176 |0.99933639 |0.99999715 |0.99999994 |1.
| 17 |1 |2 |0.79982467 |0.79982467 |0.85187374 |0.99154463 |0.99933639 |0.99999689 |0.99999993 |1.
| 18 |1 |2 |0.78968045 |0.78968045 |0.84106128 |0.9908366  |0.99933639 |0.99999662 |0.99999992 |1.
| 19 |1 |2 |0.7796649  |0.7796649  |0.83038595 |0.99013754 |0.99933639 |0.99999635 |0.99999991 |1.
| 20 |1 |2 |0.76977637 |0.76977637 |0.81984603 |0.98944735 |0.99933639 |0.99999607 |0.99999991 |1.
| 21 |1 |2 |0.76001325 |0.76001325 |0.80943979 |0.98876592 |0.99933639 |0.99999579 |0.9999999  |1.
| 22 |1 |2 |0.75037397 |0.75037397 |0.79916555 |0.98809313 |0.99933639 |0.99999551 |0.99999989 |1.
| 23 |1 |2 |0.74085694 |0.74085694 |0.78902161 |0.98742887 |0.99933639 |0.99999523 |0.99999988 |1.
| 24 |1 |2 |0.73146061 |0.73146061 |0.77900634 |0.98677304 |0.99933639 |0.99999494 |0.99999988 |1.
| 25 |1 |2 |0.72218346 |0.72218346 |0.76911811 |0.98612553 |0.99933639 |0.99999465 |0.99999987 |1.
| 26 |1 |2 |0.71302397 |0.71302397 |0.75935529 |0.98548622 |0.99933639 |0.99999435 |0.99999986 |1.
| 27 |1 |2 |0.70398065 |0.70398065 |0.7497163  |0.98485503 |0.99933639 |0.99999405 |0.99999985 |1.
| 28 |1 |2 |0.69488624 |0.69488624 |0.74002287 |0.98422027 |0.99933639 |0.99999375 |0.99999984 |1.
| 29 |1 |2 |0.68473369 |0.68473369 |0.7292016  |0.98351166 |0.99933639 |0.99999339 |0.99999983 |1.
| 30 |1 |2 |0.67323497 |0.67323497 |0.71694551 |0.98270909 |0.99933639 |0.99999298 |0.99999982 |1.
| 31 |1 |2 |0.66041543 |0.66041543 |0.70328162 |0.98181433 |0.99933639 |0.99999251 |0.99999981 |1.
| 32 |1 |2 |0.647178   |0.647178   |0.68917233 |0.9808904  |0.99933639 |0.99999199 |0.99999979 |1.
| 33 |1 |2 |0.63367951 |0.63367951 |0.67478482 |0.97994826 |0.99933639 |0.99999145 |0.99999978 |1.
| 34 |1 |2 |0.61992624 |0.61992624 |0.66012576 |0.97898833 |0.99933639 |0.99999088 |0.99999976 |1.
| 35 |1 |2 |0.6059255  |0.6059255  |0.64520297 |0.97801113 |0.99933639 |0.99999027 |0.99999975 |1.
| 36 |1 |2 |0.59168567 |0.59168567 |0.63002536 |0.97701724 |0.99933639 |0.99998962 |0.99999973 |1.
| 37 |1 |2 |0.57721625 |0.57721625 |0.61460307 |0.97600733 |0.99933639 |0.99998893 |0.99999971 |1.
| 38 |1 |2 |0.56252789 |0.56252789 |0.59894747 |0.97498214 |0.99933639 |0.99998819 |0.99999969 |1.
| 39 |1 |2 |0.54763245 |0.54763245 |0.58307119 |0.9739425  |0.99933639 |0.9999874  |0.99999967 |1.
| 40 |1 |2 |0.53254303 |0.53254303 |0.56698819 |0.97288932 |0.99933639 |0.99998657 |0.99999964 |1.
| 41 |1 |2 |0.51727397 |0.51727397 |0.55071377 |0.9718236  |0.99933639 |0.99998567 |0.99999962 |1.
| 42 |1 |2 |0.50184089 |0.50184089 |0.53426459 |0.97074643 |0.99933639 |0.99998471 |0.99999959 |1.
| 43 |1 |2 |0.48626074 |0.48626074 |0.51765871 |0.96965901 |0.99933639 |0.99998368 |0.99999957 |1.
| 44 |1 |2 |0.47055172 |0.47055172 |0.50091554 |0.96856259 |0.99933639 |0.99998258 |0.99999954 |1.
| 45 |1 |2 |0.45473338 |0.45473338 |0.48405593 |0.96745854 |0.99933639 |0.9999814  |0.9999995  |1.
| 46 |1 |2 |0.43882653 |0.43882653 |0.46710207 |0.96634831 |0.99933639 |0.99998014 |0.99999947 |1.
| 47 |1 |2 |0.42285327 |0.42285327 |0.45007751 |0.96523346 |0.99933639 |0.99997877 |0.99999943 |1.
| 48 |1 |2 |0.40683691 |0.40683691 |0.43300711 |0.96411559 |0.99933639 |0.99997731 |0.99999939 |1.
| 49 |1 |2 |0.39080195 |0.39080195 |0.41591701 |0.96299644 |0.99933639 |0.99997572 |0.99999935 |1.
| 50 |1 |2 |0.37477402 |0.37477402 |0.39883452 |0.96187778 |0.99933639 |0.99997401 |0.9999993  |1.
| 51 |1 |2 |0.35877979 |0.35877979 |0.38178811 |0.96076147 |0.99933639 |0.99997217 |0.99999925 |1.
| 52 |1 |2 |0.3428469  |0.3428469  |0.36480721 |0.95964945 |0.99933639 |0.99997017 |0.99999919 |1.
| 53 |1 |2 |0.32700382 |0.32700382 |0.34792222 |0.9585437  |0.99933639 |0.999968   |0.99999913 |1.
| 54 |1 |2 |0.31127977 |0.31127977 |0.33116428 |0.95744626 |0.99933639 |0.99996565 |0.99999907 |1.
| 55 |1 |2 |0.29570451 |0.29570451 |0.31456515 |0.95635922 |0.99933639 |0.99996309 |0.999999   |1.
| 56 |1 |2 |0.28030829 |0.28030829 |0.29815707 |0.95528468 |0.99933639 |0.99996031 |0.99999892 |1.
| 57 |1 |2 |0.26512155 |0.26512155 |0.28197255 |0.95422477 |0.99933639 |0.99995728 |0.99999884 |1.
| 58 |1 |2 |0.25017486 |0.25017486 |0.26604415 |0.95318161 |0.99933639 |0.99995397 |0.99999875 |1.
| 59 |1 |2 |0.2354986  |0.2354986  |0.25040432 |0.95215735 |0.99933639 |0.99995035 |0.99999865 |1.
| 60 |1 |2 |0.22112282 |0.22112282 |0.23508512 |0.95115406 |0.99933639 |0.99994639 |0.99999854 |1.
| 61 |1 |2 |0.20707697 |0.20707697 |0.22011798 |0.95017382 |0.99933639 |0.99994205 |0.99999842 |1.
| 62 |1 |2 |0.1933897  |0.1933897  |0.20553346 |0.94921861 |0.99933639 |0.99993728 |0.99999829 |1.
| 63 |1 |2 |0.18008855 |0.18008855 |0.19136098 |0.94829037 |0.99933639 |0.99993204 |0.99999814 |1.
| 64 |1 |2 |0.16719975 |0.16719975 |0.17762856 |0.94739092 |0.99933639 |0.99992628 |0.99999798 |1.
| 65 |1 |2 |0.15474795 |0.15474795 |0.16436251 |0.94652199 |0.99933639 |0.99991993 |0.99999781 |1.
| 66 |1 |2 |0.14275597 |0.14275597 |0.15158724 |0.94568517 |0.99933639 |0.99991294 |0.99999762 |1.
| 67 |1 |2 |0.13124451 |0.13124451 |0.13932488 |0.94488191 |0.99933639 |0.99990522 |0.9999974  |1.
| 68 |1 |2 |0.12023201 |0.12023201 |0.12759516 |0.9441135  |0.99933639 |0.99989669 |0.99999717 |1.
| 69 |1 |2 |0.10973431 |0.10973431 |0.11641506 |0.94338105 |0.99933639 |0.99988728 |0.99999691 |1.
| 70 |1 |2 |0.09976454 |0.09976454 |0.10579866 |0.94268547 |0.99933639 |0.99987689 |0.99999662 |1.
| 71 |1 |2 |0.09033291 |0.09033291 |0.09575694 |0.94202748 |0.99933639 |0.99986542 |0.99999631 |1.
| 72 |1 |2 |0.08144653 |0.08144653 |0.08629758 |0.94140758 |0.99933639 |0.99985278 |0.99999596 |1.
| 73 |1 |2 |0.07310936 |0.07310936 |0.0774249  |0.94082605 |0.99933639 |0.99983885 |0.99999558 |1.
| 74 |1 |2 |0.06532207 |0.06532207 |0.06913972 |0.94028294 |0.99933639 |0.99982356 |0.99999515 |1.
| 75 |1 |2 |0.05808205 |0.05808205 |0.06143933 |0.93977807 |0.99933639 |0.9998068  |0.99999469 |1.
| 76 |1 |2 |0.0513834  |0.0513834  |0.05431752 |0.93931102 |0.99933639 |0.9997885  |0.99999419 |1.
| 77 |1 |2 |0.04521696 |0.04521696 |0.04776458 |0.93888117 |0.99933639 |0.99976863 |0.99999364 |1.
| 78 |1 |2 |0.03957047 |0.03957047 |0.04176746 |0.93848765 |0.99933639 |0.99974715 |0.99999305 |1.
| 79 |1 |2 |0.03444082 |0.03444082 |0.03632273 |0.93813024 |0.99933639 |0.99972418 |0.99999242 |1.
| 80 |1 |2 |0.02987352 |0.02987352 |0.03147843 |0.93781212 |0.99933639 |0.99970018 |0.99999175 |1.
| 81 |1 |2 |0.02583107 |0.02583107 |0.02719434 |0.93753065 |0.99933639 |0.99967543 |0.99999107 |1.
| 82 |1 |2 |0.02226434 |0.02226434 |0.02341783 |0.93728239 |0.99933639 |0.99965015 |0.99999038 |1.
| 83 |1 |2 |0.01912739 |0.01912739 |0.02009967 |0.93706415 |0.99933639 |0.99962463 |0.99998967 |1.
| 84 |1 |2 |0.01637744 |0.01637744 |0.01719396 |0.93687291 |0.99933639 |0.99959916 |0.99998897 |1.
| 85 |1 |2 |0.01397482 |0.01397482 |0.01465812 |0.9367059  |0.99933639 |0.99957405 |0.99998828 |1.
| 86 |1 |2 |0.01188285 |0.01188285 |0.01245274 |0.93656056 |0.99933639 |0.9995496  |0.99998761 |1.
| 87 |1 |2 |0.01006775 |0.01006775 |0.01054153 |0.93643452 |0.99933639 |0.99952609 |0.99998696 |1.
| 88 |1 |2 |0.00849854 |0.00849854 |0.00889121 |0.93632561 |0.99933639 |0.99950379 |0.99998634 |1.
| 89 |1 |2 |0.00714689 |0.00714689 |0.00747139 |0.93623184 |0.99933639 |0.99948288 |0.99998577 |1.
| 90 |1 |2 |0.00598703 |0.00598703 |0.00625443 |0.93615142 |0.99933639 |0.99946355 |0.99998523 |1.
| 91 |1 |2 |0.00499558 |0.00499558 |0.00521532 |0.93608271 |0.99933639 |0.99944587 |0.99998475 |1.
| 92 |1 |2 |0.00415144 |0.00415144 |0.00433151 |0.93602423 |0.99933639 |0.99942991 |0.99998431 |1.
| 93 |1 |2 |0.00343564 |0.00343564 |0.00358277 |0.93597466 |0.99933639 |0.99941566 |0.99998392 |1.
| 94 |1 |2 |0.00283117 |0.00283117 |0.00295105 |0.93593281 |0.99933639 |0.99940308 |0.99998357 |1.
| 95 |1 |2 |0.00232289 |0.00232289 |0.00242027 |0.93589764 |0.99933639 |0.99939209 |0.99998327 |1.
| 96 |1 |2 |0.00189735 |0.00189735 |0.00197621 |0.9358682  |0.99933639 |0.99938257 |0.999983   |1.
| 97 |1 |2 |0.00154269 |0.00154269 |0.00160632 |0.93584367 |0.99933639 |0.99937442 |0.99998278 |1.
| 98 |1 |2 |0.00124843 |0.00124843 |0.00129959 |0.93582332 |0.99933639 |0.9993675  |0.99998259 |1.
| 99 |1 |2 |0.00100545 |0.00100545 |0.00104643 |0.93580652 |0.99933639 |0.99936167 |0.99998243 |1.
|100 |1 |2 |0.00080622 |0.00080622 |0.00083893 |0.93579275 |0.99933639 |0.99935681 |0.99998229 |1.
|101 |1 |2 |0.00064603 |0.00064603 |0.00067214 |0.93578168 |0.99933639 |0.99935285 |0.99998219 |1.
|102 |1 |2 |0.00051766 |0.00051766 |0.00053852 |0.93577281 |0.99933639 |0.99934964 |0.9999821  |1.
|103 |1 |2 |0.0004148  |0.0004148  |0.00043148 |0.9357657  |0.99933639 |0.99934705 |0.99998203 |1.
|104 |1 |2 |0.00033238 |0.00033238 |0.00034572 |0.93576001 |0.99933639 |0.99934496 |0.99998197 |1.
|105 |1 |2 |0.00026634 |0.00026634 |0.000277   |0.93575544 |0.99933639 |0.99934327 |0.99998192 |1.
|106 |1 |2 |0.00021342 |0.00021342 |0.00022195 |0.93575179 |0.99933639 |0.99934192 |0.99998188 |1.
|107 |1 |2 |0.00017101 |0.00017101 |0.00017784 |0.93574886 |0.99933639 |0.99934082 |0.99998185 |1.
|108 |1 |2 |0.00013703 |0.00013703 |0.0001425  |0.93574651 |0.99933639 |0.99933995 |0.99998183 |1.
|109 |1 |2 |0.0001098  |0.0001098  |0.00011418 |0.93574463 |0.99933639 |0.99933924 |0.99998181 |1.
|110 |1 |2 |0.00008799 |0.00008799 |0.00009149 |0.93574312 |0.99933639 |0.99933868 |0.99998179 |1.
|111 |1 |2 |0.0000705  |0.0000705  |0.00007331 |0.93574191 |0.99933639 |0.99933822 |0.99998178 |1.
|112 |1 |2 |0.00005649 |0.00005649 |0.00005874 |0.93574095 |0.99933639 |0.99933786 |0.99998177 |1.
|113 |1 |2 |0.00004527 |0.00004527 |0.00004707 |0.93574017 |0.99933639 |0.99933757 |0.99998176 |1.
|114 |1 |2 |0.00003627 |0.00003627 |0.00003772 |0.93573955 |0.99933639 |0.99933733 |0.99998176 |1.
|115 |1 |2 |0.00002907 |0.00002907 |0.00003022 |0.93573905 |0.99933639 |0.99933715 |0.99998175 |1.
|116 |1 |2 |0.00002329 |0.00002329 |0.00002422 |0.93573865 |0.99933639 |0.99933699 |0.99998175 |1.
|117 |1 |2 |0.00001866 |0.00001866 |0.00001941 |0.93573833 |0.99933639 |0.99933687 |0.99998174 |1.
|118 |1 |2 |0.00001495 |0.00001495 |0.00001555 |0.93573808 |0.99933639 |0.99933678 |0.99998174 |1.
|119 |1 |2 |0.00001198 |0.00001198 |0.00001246 |0.93573787 |0.99933639 |0.9993367  |0.99998174 |1.
|120 |1 |2 |0.0000096  |0.0000096  |0.00000998 |0.93573771 |0.99933639 |0.99933664 |0.99998174 |1.
|  0 |0 |1 |0.99986675 |0.99986675 |0.99992977 |0.99992977 |0.99992977 |1.         |1.         |1.
|  1 |0 |1 |0.99957079 |0.99957079 |0.99992376 |0.99992376 |0.99992376 |1.         |1.         |1.
|  2 |0 |1 |0.9992307  |0.9992307  |0.99992376 |0.99992376 |0.99992376 |1.         |1.         |1.
|  3 |0 |1 |0.99883993 |0.99883993 |0.99992376 |0.99992376 |0.99992376 |1.         |1.         |1.
|  4 |0 |1 |0.99839094 |0.99839094 |0.99992376 |0.99992376 |0.99992376 |1.         |1.         |1.
|  5 |0 |1 |0.9978751  |0.9978751  |0.99965643 |0.99992372 |0.99992376 |0.99999997 |1.         |1.
|  6 |0 |1 |0.99728249 |0.99728249 |0.9990629  |0.99992351 |0.99992376 |0.99999978 |0.99999999 |1.
|  7 |0 |1 |0.99660172 |0.99660172 |0.99838119 |0.99992306 |0.99992376 |0.99999947 |0.99999997 |1.
|  8 |0 |1 |0.99581978 |0.99581978 |0.99759819 |0.99992224 |0.99992376 |0.99999907 |0.99999995 |1.
|  9 |0 |1 |0.99492169 |0.99492169 |0.99669891 |0.99992091 |0.99992376 |0.99999858 |0.99999992 |1.
| 10 |0 |1 |0.99389034 |0.99389034 |0.99566619 |0.99991906 |0.99992376 |0.99999803 |0.99999988 |1.
| 11 |0 |1 |0.99270611 |0.99270611 |0.99448031 |0.9999169  |0.99992376 |0.99999748 |0.99999983 |1.
| 12 |0 |1 |0.99134656 |0.99134656 |0.99311885 |0.99991442 |0.99992376 |0.99999686 |0.99999977 |1.
| 13 |0 |1 |0.989786   |0.989786   |0.99155609 |0.99991157 |0.99992376 |0.99999615 |0.99999971 |1.
| 14 |0 |1 |0.98799508 |0.98799508 |0.98976264 |0.99990831 |0.99992376 |0.99999535 |0.99999963 |1.
| 15 |0 |1 |0.98594028 |0.98594028 |0.98770492 |0.99990456 |0.99992376 |0.99999446 |0.99999955 |1.
| 16 |0 |1 |0.98358337 |0.98358337 |0.98534462 |0.99990025 |0.99992376 |0.99999345 |0.99999945 |1.
| 17 |0 |1 |0.98088077 |0.98088077 |0.98263812 |0.99989531 |0.99992376 |0.99999233 |0.99999935 |1.
| 18 |0 |1 |0.97778289 |0.97778289 |0.97953572 |0.99988965 |0.99992376 |0.99999107 |0.99999923 |1.
| 19 |0 |1 |0.97423338 |0.97423338 |0.97598099 |0.99988316 |0.99992376 |0.99998968 |0.9999991  |1.
| 20 |0 |1 |0.97016832 |0.97016832 |0.9719099  |0.99987572 |0.99992376 |0.99998815 |0.99999895 |1.
| 21 |0 |1 |0.96551538 |0.96551538 |0.96724998 |0.99986719 |0.99992376 |0.99998647 |0.9999988  |1.
| 22 |0 |1 |0.96019288 |0.96019288 |0.96191941 |0.99985743 |0.99992376 |0.99998463 |0.99999862 |1.
| 23 |0 |1 |0.95410887 |0.95410887 |0.95582607 |0.99984627 |0.99992376 |0.99998263 |0.99999843 |1.
| 24 |0 |1 |0.94716016 |0.94716016 |0.94886659 |0.9998335  |0.99992376 |0.99998047 |0.99999823 |1.
| 25 |0 |1 |0.93923144 |0.93923144 |0.94092541 |0.99981892 |0.99992376 |0.99997816 |0.99999801 |1.
| 26 |0 |1 |0.93019443 |0.93019443 |0.93187403 |0.99980229 |0.99992376 |0.99997571 |0.99999778 |1.
| 27 |0 |1 |0.91990722 |0.91990722 |0.92157027 |0.99978334 |0.99992376 |0.99997312 |0.99999754 |1.
| 28 |0 |1 |0.90821392 |0.90821392 |0.9098579  |0.99976177 |0.99992376 |0.99997041 |0.99999728 |1.
| 29 |0 |1 |0.89494457 |0.89494457 |0.89656666 |0.99973727 |0.99992376 |0.99996761 |0.99999702 |1.
| 30 |0 |1 |0.87991578 |0.87991578 |0.88151277 |0.9997095  |0.99992376 |0.99996473 |0.99999675 |1.
| 31 |0 |1 |0.86316068 |0.86316068 |0.86472938 |0.9996785  |0.99992376 |0.99996184 |0.99999648 |1.
| 32 |0 |1 |0.84585941 |0.84585941 |0.84739858 |0.99964646 |0.99992376 |0.99995916 |0.99999622 |1.
| 33 |0 |1 |0.82821693 |0.82821693 |0.82972572 |0.99961377 |0.99992376 |0.99995669 |0.99999599 |1.
| 34 |0 |1 |0.81024146 |0.81024146 |0.81171906 |0.99958044 |0.99992376 |0.99995442 |0.99999578 |1.
| 35 |0 |1 |0.79194254 |0.79194254 |0.79338818 |0.99954649 |0.99992376 |0.99995232 |0.99999558 |1.
| 36 |0 |1 |0.77333113 |0.77333113 |0.77474406 |0.99951194 |0.99992376 |0.99995038 |0.9999954  |1.
| 37 |0 |1 |0.75441964 |0.75441964 |0.75579917 |0.99947682 |0.99992376 |0.99994858 |0.99999523 |1.
| 38 |0 |1 |0.73522201 |0.73522201 |0.73656747 |0.99944115 |0.99992376 |0.99994691 |0.99999507 |1.
| 39 |0 |1 |0.71575372 |0.71575372 |0.7170645  |0.99940497 |0.99992376 |0.99994536 |0.99999493 |1.
| 40 |0 |1 |0.6960319  |0.6960319  |0.69730741 |0.9993683  |0.99992376 |0.99994391 |0.99999479 |1.
| 41 |0 |1 |0.67607529 |0.67607529 |0.677315   |0.99933118 |0.99992376 |0.99994256 |0.99999466 |1.
| 42 |0 |1 |0.65590431 |0.65590431 |0.65710774 |0.99929366 |0.99992376 |0.9999413  |0.99999454 |1.
| 43 |0 |1 |0.6355411  |0.6355411  |0.6367078  |0.99925577 |0.99992376 |0.99994012 |0.99999443 |1.
| 44 |0 |1 |0.61500947 |0.61500947 |0.61613905 |0.99921756 |0.99992376 |0.99993902 |0.99999433 |1.
| 45 |0 |1 |0.59433496 |0.59433496 |0.59542708 |0.99917907 |0.99992376 |0.99993799 |0.99999423 |1.
| 46 |0 |1 |0.57354476 |0.57354476 |0.57459915 |0.99914036 |0.99992376 |0.99993702 |0.99999414 |1.
| 47 |0 |1 |0.55266776 |0.55266776 |0.5536842  |0.99910149 |0.99992376 |0.99993612 |0.99999406 |1.
| 48 |0 |1 |0.53173443 |0.53173443 |0.53271275 |0.9990625  |0.99992376 |0.99993527 |0.99999398 |1.
| 49 |0 |1 |0.51077679 |0.51077679 |0.5117169  |0.99902347 |0.99992376 |0.99993447 |0.9999939  |1.
| 50 |0 |1 |0.48982834 |0.48982834 |0.4907302  |0.99898445 |0.99992376 |0.99993372 |0.99999383 |1.
| 51 |0 |1 |0.46892395 |0.46892395 |0.4697876  |0.9989455  |0.99992376 |0.99993301 |0.99999376 |1.
| 52 |0 |1 |0.44809971 |0.44809971 |0.44892526 |0.9989067  |0.99992376 |0.99993235 |0.9999937  |1.
| 53 |0 |1 |0.42739287 |0.42739287 |0.42818049 |0.99886812 |0.99992376 |0.99993173 |0.99999364 |1.
| 54 |0 |1 |0.40684158 |0.40684158 |0.40759153 |0.99882982 |0.99992376 |0.99993115 |0.99999359 |1.
| 55 |0 |1 |0.38648478 |0.38648478 |0.38719738 |0.99879188 |0.99992376 |0.9999306  |0.99999354 |1.
| 56 |0 |1 |0.36636196 |0.36636196 |0.36703762 |0.99875438 |0.99992376 |0.99993008 |0.99999349 |1.
| 57 |0 |1 |0.34651296 |0.34651296 |0.34715215 |0.99871738 |0.99992376 |0.9999296  |0.99999344 |1.
| 58 |0 |1 |0.32697768 |0.32697768 |0.32758096 |0.99868097 |0.99992376 |0.99992914 |0.9999934  |1.
| 59 |0 |1 |0.30779585 |0.30779585 |0.30836386 |0.99864522 |0.99992376 |0.99992872 |0.99999336 |1.
| 60 |0 |1 |0.28900676 |0.28900676 |0.28954019 |0.99861019 |0.99992376 |0.99992832 |0.99999332 |1.
| 61 |0 |1 |0.27064889 |0.27064889 |0.27114852 |0.99857597 |0.99992376 |0.99992794 |0.99999329 |1.
| 62 |0 |1 |0.25275967 |0.25275967 |0.25322635 |0.99854261 |0.99992376 |0.99992759 |0.99999325 |1.
| 63 |0 |1 |0.23537511 |0.23537511 |0.23580976 |0.9985102  |0.99992376 |0.99992726 |0.99999322 |1.
| 64 |0 |1 |0.2185295  |0.2185295  |0.2189331  |0.9984788  |0.99992376 |0.99992695 |0.99999319 |1.
| 65 |0 |1 |0.20225504 |0.20225504 |0.20262863 |0.99844845 |0.99992376 |0.99992667 |0.99999317 |1.
| 66 |0 |1 |0.18658155 |0.18658155 |0.18692624 |0.99841923 |0.99992376 |0.9999264  |0.99999314 |1.
| 67 |0 |1 |0.17153613 |0.17153613 |0.17185305 |0.99839117 |0.99992376 |0.99992615 |0.99999312 |1.
| 68 |0 |1 |0.15714282 |0.15714282 |0.15743318 |0.99836433 |0.99992376 |0.99992592 |0.9999931  |1.
| 69 |0 |1 |0.14342236 |0.14342236 |0.1436874  |0.99833875 |0.99992376 |0.99992571 |0.99999308 |1.
| 70 |0 |1 |0.13039191 |0.13039191 |0.13063289 |0.99831445 |0.99992376 |0.99992551 |0.99999306 |1.
| 71 |0 |1 |0.1180648  |0.1180648  |0.11828301 |0.99829146 |0.99992376 |0.99992532 |0.99999304 |1.
| 72 |0 |1 |0.10645033 |0.10645033 |0.1066471  |0.99826981 |0.99992376 |0.99992515 |0.99999302 |1.
| 73 |0 |1 |0.09555368 |0.09555368 |0.09573032 |0.99824949 |0.99992376 |0.999925   |0.99999301 |1.
| 74 |0 |1 |0.08537572 |0.08537572 |0.08553356 |0.99823051 |0.99992376 |0.99992486 |0.999993   |1.
| 75 |0 |1 |0.07591304 |0.07591304 |0.07605339 |0.99821286 |0.99992376 |0.99992473 |0.99999298 |1.
| 76 |0 |1 |0.06715792 |0.06715792 |0.06728209 |0.99819653 |0.99992376 |0.99992461 |0.99999297 |1.
| 77 |0 |1 |0.05909841 |0.05909841 |0.05920768 |0.9981815  |0.99992376 |0.9999245  |0.99999296 |1.
| 78 |0 |1 |0.05171847 |0.05171847 |0.0518141  |0.99816774 |0.99992376 |0.99992441 |0.99999295 |1.
| 79 |0 |1 |0.04501404 |0.04501404 |0.04509727 |0.99815523 |0.99992376 |0.99992432 |0.99999295 |1.
| 80 |0 |1 |0.03904458 |0.03904458 |0.03911678 |0.9981441  |0.99992376 |0.99992424 |0.99999294 |1.
| 81 |0 |1 |0.03376112 |0.03376112 |0.03382356 |0.99813425 |0.99992376 |0.99992418 |0.99999293 |1.
| 82 |0 |1 |0.02909942 |0.02909942 |0.02915323 |0.99812555 |0.99992376 |0.99992412 |0.99999293 |1.
| 83 |0 |1 |0.02499943 |0.02499943 |0.02504566 |0.99811791 |0.99992376 |0.99992407 |0.99999292 |1.
| 84 |0 |1 |0.02140526 |0.02140526 |0.02144485 |0.9981112  |0.99992376 |0.99992402 |0.99999292 |1.
| 85 |0 |1 |0.01826504 |0.01826504 |0.01829882 |0.99810535 |0.99992376 |0.99992398 |0.99999291 |1.
| 86 |0 |1 |0.01553085 |0.01553085 |0.01555957 |0.99810025 |0.99992376 |0.99992395 |0.99999291 |1.
| 87 |0 |1 |0.01315852 |0.01315852 |0.01318286 |0.99809582 |0.99992376 |0.99992392 |0.99999291 |1.
| 88 |0 |1 |0.01110757 |0.01110757 |0.01112811 |0.998092   |0.99992376 |0.9999239  |0.99999291 |1.
| 89 |0 |1 |0.00934097 |0.00934097 |0.00935824 |0.9980887  |0.99992376 |0.99992387 |0.9999929  |1.
| 90 |0 |1 |0.00782503 |0.00782503 |0.0078395  |0.99808588 |0.99992376 |0.99992386 |0.9999929  |1.
| 91 |0 |1 |0.00652921 |0.00652921 |0.00654129 |0.99808346 |0.99992376 |0.99992384 |0.9999929  |1.
| 92 |0 |1 |0.00542592 |0.00542592 |0.00543596 |0.9980814  |0.99992376 |0.99992383 |0.9999929  |1.
| 93 |0 |1 |0.00449036 |0.00449036 |0.00449867 |0.99807966 |0.99992376 |0.99992382 |0.9999929  |1.
| 94 |0 |1 |0.00370033 |0.00370033 |0.00370717 |0.99807818 |0.99992376 |0.99992381 |0.9999929  |1.
| 95 |0 |1 |0.00303601 |0.00303601 |0.00304162 |0.99807695 |0.99992376 |0.9999238  |0.9999929  |1.
| 96 |0 |1 |0.00247984 |0.00247984 |0.00248442 |0.99807591 |0.99992376 |0.99992379 |0.9999929  |1.
| 97 |0 |1 |0.00201629 |0.00201629 |0.00202001 |0.99807504 |0.99992376 |0.99992379 |0.99999289 |1.
| 98 |0 |1 |0.0016317  |0.0016317  |0.00163472 |0.99807433 |0.99992376 |0.99992378 |0.99999289 |1.
| 99 |0 |1 |0.00131412 |0.00131412 |0.00131655 |0.99807373 |0.99992376 |0.99992378 |0.99999289 |1.
|100 |0 |1 |0.00105373 |0.00105373 |0.00105568 |0.99807325 |0.99992376 |0.99992377 |0.99999289 |1.
|101 |0 |1 |0.00084435 |0.00084435 |0.00084592 |0.99807286 |0.99992376 |0.99992377 |0.99999289 |1.
|102 |0 |1 |0.00067658 |0.00067658 |0.00067783 |0.99807255 |0.99992376 |0.99992377 |0.99999289 |1.
|103 |0 |1 |0.00054215 |0.00054215 |0.00054315 |0.99807229 |0.99992376 |0.99992377 |0.99999289 |1.
|104 |0 |1 |0.00043442 |0.00043442 |0.00043523 |0.99807209 |0.99992376 |0.99992377 |0.99999289 |1.
|105 |0 |1 |0.0003481  |0.0003481  |0.00034875 |0.99807193 |0.99992376 |0.99992377 |0.99999289 |1.
|106 |0 |1 |0.00027894 |0.00027894 |0.00027945 |0.9980718  |0.99992376 |0.99992377 |0.99999289 |1.
|107 |0 |1 |0.00022351 |0.00022351 |0.00022392 |0.9980717  |0.99992376 |0.99992377 |0.99999289 |1.
|108 |0 |1 |0.0001791  |0.0001791  |0.00017943 |0.99807162 |0.99992376 |0.99992376 |0.99999289 |1.
|109 |0 |1 |0.00014351 |0.00014351 |0.00014378 |0.99807155 |0.99992376 |0.99992376 |0.99999289 |1.
|110 |0 |1 |0.000115   |0.000115   |0.00011521 |0.9980715  |0.99992376 |0.99992376 |0.99999289 |1.
|111 |0 |1 |0.00009215 |0.00009215 |0.00009232 |0.99807146 |0.99992376 |0.99992376 |0.99999289 |1.
|112 |0 |1 |0.00007384 |0.00007384 |0.00007397 |0.99807142 |0.99992376 |0.99992376 |0.99999289 |1.
|113 |0 |1 |0.00005917 |0.00005917 |0.00005928 |0.99807139 |0.99992376 |0.99992376 |0.99999289 |1.
|114 |0 |1 |0.00004741 |0.00004741 |0.0000475  |0.99807137 |0.99992376 |0.99992376 |0.99999289 |1.
|115 |0 |1 |0.00003799 |0.00003799 |0.00003806 |0.99807135 |0.99992376 |0.99992376 |0.99999289 |1.
|116 |0 |1 |0.00003044 |0.00003044 |0.0000305  |0.99807134 |0.99992376 |0.99992376 |0.99999289 |1.
|117 |0 |1 |0.00002439 |0.00002439 |0.00002444 |0.99807133 |0.99992376 |0.99992376 |0.99999289 |1.
|118 |0 |1 |0.00001955 |0.00001955 |0.00001958 |0.99807132 |0.99992376 |0.99992376 |0.99999289 |1.
|119 |0 |1 |0.00001566 |0.00001566 |0.00001569 |0.99807131 |0.99992376 |0.99992376 |0.99999289 |1.
|120 |0 |1 |0.00001255 |0.00001255 |0.00001257 |0.99807131 |0.99992376 |0.99992376 |0.99999289 |1.
|  0 |1 |1 |0.99986675 |0.99986675 |0.99992977 |0.99992977 |0.99992977 |1.         |1.         |1.
|  1 |1 |1 |0.99957079 |0.99957079 |0.99992376 |0.99992376 |0.99992376 |1.         |1.         |1.
|  2 |1 |1 |0.9992307  |0.9992307  |0.99992376 |0.99992376 |0.99992376 |1.         |1.         |1.
|  3 |1 |1 |0.99883993 |0.99883993 |0.99992376 |0.99992376 |0.99992376 |1.         |1.         |1.
|  4 |1 |1 |0.99839094 |0.99839094 |0.99992376 |0.99992376 |0.99992376 |1.         |1.         |1.
|  5 |1 |1 |0.9978751  |0.9978751  |0.99965641 |0.99992372 |0.99992376 |1.         |1.         |1.
|  6 |1 |1 |0.99728249 |0.99728249 |0.9990627  |0.99992352 |0.99992376 |0.99999998 |0.99999998 |1.
|  7 |1 |1 |0.99660172 |0.99660172 |0.99838071 |0.99992308 |0.99992376 |0.99999995 |0.99999995 |1.
|  8 |1 |1 |0.99581978 |0.99581978 |0.99759736 |0.9999223  |0.99992376 |0.99999989 |0.99999989 |1.
|  9 |1 |1 |0.99492169 |0.99492169 |0.9966977  |0.99992104 |0.99992376 |0.9999998  |0.9999998  |1.
| 10 |1 |1 |0.99389034 |0.99389034 |0.99566454 |0.99991909 |0.99992376 |0.99999969 |0.99999985 |1.
| 11 |1 |1 |0.99270611 |0.99270611 |0.99447818 |0.99991673 |0.99992376 |0.99999961 |1.         |1.
| 12 |1 |1 |0.99134656 |0.99134656 |0.9931162  |0.99991419 |0.99992376 |0.99999951 |1.         |1.
| 13 |1 |1 |0.989786   |0.989786   |0.99155284 |0.99991128 |0.99992376 |0.9999994  |1.         |1.
| 14 |1 |1 |0.98799508 |0.98799508 |0.98975872 |0.99990794 |0.99992376 |0.99999927 |1.         |1.
| 15 |1 |1 |0.98594028 |0.98594028 |0.98770024 |0.9999041  |0.99992376 |0.99999913 |1.         |1.
| 16 |1 |1 |0.98358337 |0.98358337 |0.98533911 |0.99989971 |0.99992376 |0.99999896 |1.         |1.
| 17 |1 |1 |0.98088077 |0.98088077 |0.98263168 |0.99989466 |0.99992376 |0.99999877 |1.         |1.
| 18 |1 |1 |0.97778289 |0.97778289 |0.97952825 |0.99988888 |0.99992376 |0.99999854 |1.         |1.
| 19 |1 |1 |0.97423338 |0.97423338 |0.97597238 |0.99988226 |0.99992376 |0.99999829 |1.         |1.
| 20 |1 |1 |0.97016832 |0.97016832 |0.97190005 |0.99987467 |0.99992376 |0.999998   |1.         |1.
| 21 |1 |1 |0.96551538 |0.96551538 |0.96723878 |0.99986599 |0.99992376 |0.99999766 |1.         |1.
| 22 |1 |1 |0.96019288 |0.96019288 |0.96190676 |0.99985606 |0.99992376 |0.99999728 |1.         |1.
| 23 |1 |1 |0.95410887 |0.95410887 |0.95581186 |0.9998447  |0.99992376 |0.99999685 |1.         |1.
| 24 |1 |1 |0.94716016 |0.94716016 |0.94885071 |0.99983174 |0.99992376 |0.99999635 |1.         |1.
| 25 |1 |1 |0.93923144 |0.93923144 |0.9409078  |0.99981694 |0.99992376 |0.99999578 |1.         |1.
| 26 |1 |1 |0.93019443 |0.93019443 |0.93185462 |0.99980008 |0.99992376 |0.99999513 |1.         |1.
| 27 |1 |1 |0.91990722 |0.91990722 |0.92154901 |0.99978088 |0.99992376 |0.99999438 |1.         |1.
| 28 |1 |1 |0.90821392 |0.90821392 |0.90983478 |0.99975906 |0.99992376 |0.99999354 |1.         |1.
| 29 |1 |1 |0.89494457 |0.89494457 |0.89654169 |0.9997343  |0.99992376 |0.99999258 |0.99999999 |1.
| 30 |1 |1 |0.87991578 |0.87991578 |0.88148601 |0.99970625 |0.99992376 |0.99999149 |0.99999999 |1.
| 31 |1 |1 |0.86316068 |0.86316068 |0.86470094 |0.99967498 |0.99992376 |0.99999027 |0.99999999 |1.
| 32 |1 |1 |0.84585941 |0.84585941 |0.84736872 |0.9996427  |0.99992376 |0.99998902 |0.99999999 |1.
| 33 |1 |1 |0.82821693 |0.82821693 |0.82969469 |0.99960978 |0.99992376 |0.99998773 |0.99999999 |1.
| 34 |1 |1 |0.81024146 |0.81024146 |0.81168707 |0.99957623 |0.99992376 |0.99998641 |0.99999999 |1.
| 35 |1 |1 |0.79194254 |0.79194254 |0.79335543 |0.99954208 |0.99992376 |0.99998507 |0.99999999 |1.
| 36 |1 |1 |0.77333113 |0.77333113 |0.77471074 |0.99950735 |0.99992376 |0.99998371 |0.99999999 |1.
| 37 |1 |1 |0.75441964 |0.75441964 |0.75576544 |0.99947206 |0.99992376 |0.99998231 |0.99999999 |1.
| 38 |1 |1 |0.73522201 |0.73522201 |0.73653349 |0.99943624 |0.99992376 |0.9999809  |0.99999999 |1.
| 39 |1 |1 |0.71575372 |0.71575372 |0.7170304  |0.99939991 |0.99992376 |0.99997946 |0.99999998 |1.
| 40 |1 |1 |0.6960319  |0.6960319  |0.69727333 |0.9993631  |0.99992376 |0.99997799 |0.99999998 |1.
| 41 |1 |1 |0.67607529 |0.67607529 |0.67728106 |0.99932586 |0.99992376 |0.99997651 |0.99999998 |1.
| 42 |1 |1 |0.65590431 |0.65590431 |0.65707404 |0.99928822 |0.99992376 |0.999975   |0.99999998 |1.
| 43 |1 |1 |0.6355411  |0.6355411  |0.63667444 |0.99925022 |0.99992376 |0.99997348 |0.99999998 |1.
| 44 |1 |1 |0.61500947 |0.61500947 |0.61610613 |0.99921191 |0.99992376 |0.99997194 |0.99999998 |1.
| 45 |1 |1 |0.59433496 |0.59433496 |0.59539469 |0.99917333 |0.99992376 |0.99997038 |0.99999998 |1.
| 46 |1 |1 |0.57354476 |0.57354476 |0.57456736 |0.99913453 |0.99992376 |0.99996882 |0.99999998 |1.
| 47 |1 |1 |0.55266776 |0.55266776 |0.55365308 |0.99909557 |0.99992376 |0.99996724 |0.99999997 |1.
| 48 |1 |1 |0.53173443 |0.53173443 |0.53268237 |0.99905651 |0.99992376 |0.99996565 |0.99999997 |1.
| 49 |1 |1 |0.51077679 |0.51077679 |0.51168731 |0.9990174  |0.99992376 |0.99996405 |0.99999997 |1.
| 50 |1 |1 |0.48982834 |0.48982834 |0.49070146 |0.99897831 |0.99992376 |0.99996246 |0.99999997 |1.
| 51 |1 |1 |0.46892395 |0.46892395 |0.46975975 |0.9989393  |0.99992376 |0.99996086 |0.99999997 |1.
| 52 |1 |1 |0.44809971 |0.44809971 |0.44889835 |0.99890044 |0.99992376 |0.99995926 |0.99999997 |1.
| 53 |1 |1 |0.42739287 |0.42739287 |0.42815455 |0.99886179 |0.99992376 |0.99995767 |0.99999997 |1.
| 54 |1 |1 |0.40684158 |0.40684158 |0.40756659 |0.99882344 |0.99992376 |0.99995608 |0.99999997 |1.
| 55 |1 |1 |0.38648478 |0.38648478 |0.38717347 |0.99878546 |0.99992376 |0.99995451 |0.99999996 |1.
| 56 |1 |1 |0.36636196 |0.36636196 |0.36701476 |0.9987479  |0.99992376 |0.99995295 |0.99999996 |1.
| 57 |1 |1 |0.34651296 |0.34651296 |0.34713035 |0.99871086 |0.99992376 |0.9999514  |0.99999996 |1.
| 58 |1 |1 |0.32697768 |0.32697768 |0.32756023 |0.99867441 |0.99992376 |0.99994988 |0.99999996 |1.
| 59 |1 |1 |0.30779585 |0.30779585 |0.3083442  |0.99863861 |0.99992376 |0.99994838 |0.99999996 |1.
| 60 |1 |1 |0.28900676 |0.28900676 |0.2895216  |0.99860355 |0.99992376 |0.99994691 |0.99999996 |1.
| 61 |1 |1 |0.27064889 |0.27064889 |0.271131   |0.99856929 |0.99992376 |0.99994546 |0.99999996 |1.
| 62 |1 |1 |0.25275967 |0.25275967 |0.25320989 |0.99853591 |0.99992376 |0.99994405 |0.99999996 |1.
| 63 |1 |1 |0.23537511 |0.23537511 |0.23579434 |0.99850347 |0.99992376 |0.99994268 |0.99999996 |1.
| 64 |1 |1 |0.2185295  |0.2185295  |0.2189187  |0.99847203 |0.99992376 |0.99994135 |0.99999995 |1.
| 65 |1 |1 |0.20225504 |0.20225504 |0.20261524 |0.99844166 |0.99992376 |0.99994006 |0.99999995 |1.
| 66 |1 |1 |0.18658155 |0.18658155 |0.18691383 |0.99841242 |0.99992376 |0.99993881 |0.99999995 |1.
| 67 |1 |1 |0.17153613 |0.17153613 |0.17184159 |0.99838434 |0.99992376 |0.99993761 |0.99999995 |1.
| 68 |1 |1 |0.15714282 |0.15714282 |0.15742264 |0.99835748 |0.99992376 |0.99993646 |0.99999995 |1.
| 69 |1 |1 |0.14342236 |0.14342236 |0.14367774 |0.99833188 |0.99992376 |0.99993536 |0.99999995 |1.
| 70 |1 |1 |0.13039191 |0.13039191 |0.13062408 |0.99830756 |0.99992376 |0.99993432 |0.99999995 |1.
| 71 |1 |1 |0.1180648  |0.1180648  |0.11827501 |0.99828456 |0.99992376 |0.99993333 |0.99999995 |1.
| 72 |1 |1 |0.10645033 |0.10645033 |0.10663986 |0.99826288 |0.99992376 |0.99993239 |0.99999995 |1.
| 73 |1 |1 |0.09555368 |0.09555368 |0.0957238  |0.99824255 |0.99992376 |0.99993152 |0.99999995 |1.
| 74 |1 |1 |0.08537572 |0.08537572 |0.08552772 |0.99822356 |0.99992376 |0.9999307  |0.99999995 |1.
| 75 |1 |1 |0.07591304 |0.07591304 |0.07604819 |0.9982059  |0.99992376 |0.99992993 |0.99999995 |1.
| 76 |1 |1 |0.06715792 |0.06715792 |0.06727747 |0.99818956 |0.99992376 |0.99992922 |0.99999995 |1.
| 77 |1 |1 |0.05909841 |0.05909841 |0.05920361 |0.99817452 |0.99992376 |0.99992857 |0.99999994 |1.
| 78 |1 |1 |0.05171847 |0.05171847 |0.05181053 |0.99816075 |0.99992376 |0.99992797 |0.99999994 |1.
| 79 |1 |1 |0.04501404 |0.04501404 |0.04509417 |0.99814824 |0.99992376 |0.99992743 |0.99999994 |1.
| 80 |1 |1 |0.03904458 |0.03904458 |0.03911408 |0.9981371  |0.99992376 |0.99992694 |0.99999994 |1.
| 81 |1 |1 |0.03376112 |0.03376112 |0.03382122 |0.99812724 |0.99992376 |0.99992651 |0.99999994 |1.
| 82 |1 |1 |0.02909942 |0.02909942 |0.02915122 |0.99811854 |0.99992376 |0.99992613 |0.99999994 |1.
| 83 |1 |1 |0.02499943 |0.02499943 |0.02504393 |0.99811089 |0.99992376 |0.9999258  |0.99999994 |1.
| 84 |1 |1 |0.02140526 |0.02140526 |0.02144336 |0.99810418 |0.99992376 |0.99992551 |0.99999994 |1.
| 85 |1 |1 |0.01826504 |0.01826504 |0.01829755 |0.99809832 |0.99992376 |0.99992525 |0.99999994 |1.
| 86 |1 |1 |0.01553085 |0.01553085 |0.01555849 |0.99809322 |0.99992376 |0.99992503 |0.99999994 |1.
| 87 |1 |1 |0.01315852 |0.01315852 |0.01318194 |0.99808879 |0.99992376 |0.99992484 |0.99999994 |1.
| 88 |1 |1 |0.01110757 |0.01110757 |0.01112734 |0.99808496 |0.99992376 |0.99992467 |0.99999994 |1.
| 89 |1 |1 |0.00934097 |0.00934097 |0.00935759 |0.99808167 |0.99992376 |0.99992453 |0.99999994 |1.
| 90 |1 |1 |0.00782503 |0.00782503 |0.00783896 |0.99807884 |0.99992376 |0.9999244  |0.99999994 |1.
| 91 |1 |1 |0.00652921 |0.00652921 |0.00654083 |0.99807642 |0.99992376 |0.9999243  |0.99999994 |1.
| 92 |1 |1 |0.00542592 |0.00542592 |0.00543558 |0.99807436 |0.99992376 |0.99992421 |0.99999994 |1.
| 93 |1 |1 |0.00449036 |0.00449036 |0.00449836 |0.99807261 |0.99992376 |0.99992413 |0.99999994 |1.
| 94 |1 |1 |0.00370033 |0.00370033 |0.00370691 |0.99807114 |0.99992376 |0.99992406 |0.99999994 |1.
| 95 |1 |1 |0.00303601 |0.00303601 |0.00304141 |0.9980699  |0.99992376 |0.99992401 |0.99999994 |1.
| 96 |1 |1 |0.00247984 |0.00247984 |0.00248425 |0.99806886 |0.99992376 |0.99992396 |0.99999994 |1.
| 97 |1 |1 |0.00201629 |0.00201629 |0.00201987 |0.998068   |0.99992376 |0.99992393 |0.99999994 |1.
| 98 |1 |1 |0.0016317  |0.0016317  |0.0016346  |0.99806728 |0.99992376 |0.9999239  |0.99999994 |1.
| 99 |1 |1 |0.00131412 |0.00131412 |0.00131646 |0.99806669 |0.99992376 |0.99992387 |0.99999994 |1.
|100 |1 |1 |0.00105373 |0.00105373 |0.0010556  |0.9980662  |0.99992376 |0.99992385 |0.99999994 |1.
|101 |1 |1 |0.00084435 |0.00084435 |0.00084586 |0.99806581 |0.99992376 |0.99992383 |0.99999994 |1.
|102 |1 |1 |0.00067658 |0.00067658 |0.00067779 |0.9980655  |0.99992376 |0.99992382 |0.99999994 |1.
|103 |1 |1 |0.00054215 |0.00054215 |0.00054311 |0.99806525 |0.99992376 |0.99992381 |0.99999994 |1.
|104 |1 |1 |0.00043442 |0.00043442 |0.0004352  |0.99806505 |0.99992376 |0.9999238  |0.99999994 |1.
|105 |1 |1 |0.0003481  |0.0003481  |0.00034872 |0.99806488 |0.99992376 |0.99992379 |0.99999994 |1.
|106 |1 |1 |0.00027894 |0.00027894 |0.00027943 |0.99806476 |0.99992376 |0.99992379 |0.99999994 |1.
|107 |1 |1 |0.00022351 |0.00022351 |0.00022391 |0.99806465 |0.99992376 |0.99992378 |0.99999994 |1.
|108 |1 |1 |0.0001791  |0.0001791  |0.00017942 |0.99806457 |0.99992376 |0.99992378 |0.99999994 |1.
|109 |1 |1 |0.00014351 |0.00014351 |0.00014377 |0.9980645  |0.99992376 |0.99992377 |0.99999994 |1.
|110 |1 |1 |0.000115   |0.000115   |0.0001152  |0.99806445 |0.99992376 |0.99992377 |0.99999994 |1.
|111 |1 |1 |0.00009215 |0.00009215 |0.00009231 |0.99806441 |0.99992376 |0.99992377 |0.99999994 |1.
|112 |1 |1 |0.00007384 |0.00007384 |0.00007397 |0.99806437 |0.99992376 |0.99992377 |0.99999994 |1.
|113 |1 |1 |0.00005917 |0.00005917 |0.00005927 |0.99806435 |0.99992376 |0.99992377 |0.99999994 |1.
|114 |1 |1 |0.00004741 |0.00004741 |0.00004749 |0.99806432 |0.99992376 |0.99992377 |0.99999994 |1.
|115 |1 |1 |0.00003799 |0.00003799 |0.00003806 |0.99806431 |0.99992376 |0.99992377 |0.99999994 |1.
|116 |1 |1 |0.00003044 |0.00003044 |0.0000305  |0.99806429 |0.99992376 |0.99992376 |0.99999994 |1.
|117 |1 |1 |0.00002439 |0.00002439 |0.00002444 |0.99806428 |0.99992376 |0.99992376 |0.99999994 |1.
|118 |1 |1 |0.00001955 |0.00001955 |0.00001958 |0.99806427 |0.99992376 |0.99992376 |0.99999994 |1.
|119 |1 |1 |0.00001566 |0.00001566 |0.00001569 |0.99806426 |0.99992376 |0.99992376 |0.99999994 |1.
|120 |1 |1 |0.00001255 |0.00001255 |0.00001257 |0.99806426 |0.99992376 |0.99992376 |0.99999994 |1.
