Dataset:     Population sizes by age, sex and region of birth for 1981.
Description: These are numbers taken from the 1981 census used to initialize
             the England and Wales model population for 1981.
Label s:     Sex, 0=male, 1=female.
Label a:     Age, in single year classes.
Label r:     Region of birth, 0=Non-UK, 1=UK

|s |a   |r1     |r0
|0 |  0 |310084 | 1973
|0 |  1 |324955 | 2586
|0 |  2 |309082 | 4970
|0 |  3 |285231 | 5855
|0 |  4 |282542 |10115
|0 |  5 |294138 | 7182
|0 |  6 |302045 | 8238
|0 |  7 |320723 | 9952
|0 |  8 |329217 |10624
|0 |  9 |342080 |11817
|0 | 10 |364807 |11822
|0 | 11 |369181 |13862
|0 | 12 |382762 |12779
|0 | 13 |392453 |15181
|0 | 14 |408711 |13706
|0 | 15 |398474 |16083
|0 | 16 |432466 |15046
|0 | 17 |411451 |19075
|0 | 18 |376059 |18947
|0 | 19 |352639 |19328
|0 | 20 |387015 |23344
|0 | 21 |345182 |28792
|0 | 22 |318048 |30187
|0 | 23 |326007 |33715
|0 | 24 |317373 |32303
|0 | 25 |298968 |30818
|0 | 26 |291420 |33435
|0 | 27 |297876 |37541
|0 | 28 |308166 |31914
|0 | 29 |306607 |34849
|0 | 30 |303447 |30994
|0 | 31 |324560 |32190
|0 | 32 |323300 |27854
|0 | 33 |367376 |26359
|0 | 34 |379912 |31007
|0 | 35 |301914 |26253
|0 | 36 |297635 |29744
|0 | 37 |306159 |27388
|0 | 38 |303620 |20413
|0 | 39 |251340 |25184
|0 | 40 |246706 |32895
|0 | 41 |253288 |30174
|0 | 42 |263906 |25108
|0 | 43 |247119 |21493
|0 | 44 |253980 |29798
|0 | 45 |259278 |27989
|0 | 46 |245991 |25093
|0 | 47 |227245 |28135
|0 | 48 |249958 |22636
|0 | 49 |247780 |22129
|0 | 50 |258301 |27480
|0 | 51 |261853 |23834
|0 | 52 |247146 |22838
|0 | 53 |250934 |18168
|0 | 54 |242877 |24754
|0 | 55 |252800 |30311
|0 | 56 |244366 |25014
|0 | 57 |258739 |24704
|0 | 58 |236070 |27868
|0 | 59 |275398 |22424
|0 | 60 |278437 |21877
|0 | 61 |284535 |22513
|0 | 62 |194781 |13861
|0 | 63 |175165 |11784
|0 | 64 |195376 |14363
|0 | 65 |201496 |13576
|0 | 66 |225009 |13475
|0 | 67 |216597 |14452
|0 | 68 |196200 |10666
|0 | 69 |208586 |10101
|0 | 70 |192375 | 6762
|0 | 71 |186957 | 8357
|0 | 72 |167236 | 6340
|0 | 73 |150866 | 6740
|0 | 74 |150006 | 5034
|0 | 75 |128789 | 3468
|0 | 76 |120993 | 4170
|0 | 77 |104474 | 3008
|0 | 78 | 86429 | 3433
|0 | 79 | 90546 | 3599
|0 | 80 | 66190 | 3391
|0 | 81 | 63697 | 2555
|0 | 82 | 44383 | 2180
|0 | 83 | 35038 | 1465
|0 | 84 | 26932 |  230
|0 | 85 | 23712 |    0
|0 | 86 | 19303 |  473
|0 | 87 | 15701 | 1088
|0 | 88 | 14347 |    0
|0 | 89 |  9195 |  252
|0 | 90 |  7154 |  519
|0 | 91 |  5881 |  279
|0 | 92 |  2493 |  279
|0 | 93 |  3280 |    0
|0 | 94 |  2286 |    0
|0 | 95 |  1578 |    0
|0 | 96 |  1087 |    0
|0 | 97 |   473 |    0
|0 | 98 |  1255 |    0
|0 | 99 |   252 |    0
|0 |100 |     0 |    0
|0 |101 |     0 |    0
|0 |102 |     0 |    0
|0 |103 |     0 |    0
|0 |104 |     0 |    0
|0 |105 |     0 |    0
|0 |106 |     0 |    0
|0 |107 |     0 |    0
|0 |108 |     0 |    0
|0 |109 |     0 |    0
|0 |110 |     0 |    0
|0 |111 |     0 |    0
|0 |112 |     0 |    0
|0 |113 |     0 |    0
|0 |114 |     0 |    0
|0 |115 |     0 |    0
|0 |116 |     0 |    0
|0 |117 |     0 |    0
|0 |118 |     0 |    0
|0 |119 |     0 |    0
|0 |120 |     0 |    0
|1 |  0 |286316 | 1194
|1 |  1 |327599 | 4439
|1 |  2 |282550 | 6289
|1 |  3 |261485 | 6310
|1 |  4 |277931 | 6300
|1 |  5 |283391 | 8088
|1 |  6 |273446 | 7637
|1 |  7 |304113 | 8355
|1 |  8 |311892 | 7615
|1 |  9 |333521 |10102
|1 | 10 |378048 | 9822
|1 | 11 |352635 |13423
|1 | 12 |350876 |13260
|1 | 13 |355055 |10531
|1 | 14 |386601 |12877
|1 | 15 |378282 |14474
|1 | 16 |422621 |16658
|1 | 17 |388014 |19277
|1 | 18 |384796 |17088
|1 | 19 |317709 |25711
|1 | 20 |351340 |28085
|1 | 21 |341309 |32189
|1 | 22 |328600 |31179
|1 | 23 |313892 |31011
|1 | 24 |317138 |32790
|1 | 25 |301207 |31224
|1 | 26 |288086 |37666
|1 | 27 |303223 |35852
|1 | 28 |289880 |43082
|1 | 29 |291181 |31162
|1 | 30 |315408 |31895
|1 | 31 |322798 |34168
|1 | 32 |303095 |30640
|1 | 33 |360532 |30240
|1 | 34 |375680 |29049
|1 | 35 |296237 |24346
|1 | 36 |303651 |30592
|1 | 37 |280560 |28208
|1 | 38 |282609 |29154
|1 | 39 |267449 |26051
|1 | 40 |242175 |26645
|1 | 41 |257644 |26437
|1 | 42 |256001 |28343
|1 | 43 |254854 |27120
|1 | 44 |238166 |25292
|1 | 45 |248515 |31126
|1 | 46 |238669 |28453
|1 | 47 |241376 |23577
|1 | 48 |237000 |20333
|1 | 49 |252701 |19833
|1 | 50 |272677 |23043
|1 | 51 |269205 |26247
|1 | 52 |244220 |26477
|1 | 53 |233062 |22939
|1 | 54 |262381 |23096
|1 | 55 |262063 |22470
|1 | 56 |258580 |21112
|1 | 57 |274234 |27732
|1 | 58 |263607 |25607
|1 | 59 |296333 |23052
|1 | 60 |306776 |22030
|1 | 61 |308930 |18810
|1 | 62 |221856 |14999
|1 | 63 |213580 |10548
|1 | 64 |234696 |14878
|1 | 65 |252654 |10337
|1 | 66 |275090 |13532
|1 | 67 |256799 |11048
|1 | 68 |264371 | 8371
|1 | 69 |247057 |10494
|1 | 70 |249770 |10438
|1 | 71 |231394 | 8901
|1 | 72 |246640 |10525
|1 | 73 |224923 | 8368
|1 | 74 |212292 | 7367
|1 | 75 |203495 | 6247
|1 | 76 |188019 | 9409
|1 | 77 |190824 | 4577
|1 | 78 |158419 | 5542
|1 | 79 |151770 | 3264
|1 | 80 |139344 | 5840
|1 | 81 |126754 | 5306
|1 | 82 | 94344 | 3144
|1 | 83 | 95926 | 3002
|1 | 84 | 75716 | 2854
|1 | 85 | 64673 | 2358
|1 | 86 | 56122 |  558
|1 | 87 | 44175 | 1009
|1 | 88 | 30520 | 1429
|1 | 89 | 30396 |  260
|1 | 90 | 23890 |  636
|1 | 91 | 23154 |  686
|1 | 92 | 15008 | 1064
|1 | 93 | 12532 |    0
|1 | 94 |  7495 |  343
|1 | 95 |  4709 |  343
|1 | 96 |  3280 |  293
|1 | 97 |  2419 |    0
|1 | 98 |  2139 |    0
|1 | 99 |  1371 |  280
|1 |100 |     0 |    0
|1 |101 |     0 |    0
|1 |102 |     0 |    0
|1 |103 |     0 |    0
|1 |104 |     0 |    0
|1 |105 |     0 |    0
|1 |106 |     0 |    0
|1 |107 |     0 |    0
|1 |108 |     0 |    0
|1 |109 |     0 |    0
|1 |110 |     0 |    0
|1 |111 |     0 |    0
|1 |112 |     0 |    0
|1 |113 |     0 |    0
|1 |114 |     0 |    0
|1 |115 |     0 |    0
|1 |116 |     0 |    0
|1 |117 |     0 |    0
|1 |118 |     0 |    0
|1 |119 |     0 |    0
|1 |120 |     0 |    0
