|y  |i    |a |r |s0      |s1
|18 |1999 |0 |0 | 123655 | 116416
|18 |1999 |1 |0 | 792367 | 883129
|18 |1999 |2 |0 | 430511 | 536613
|18 |1999 |3 |0 | 245768 | 302470
|19 |2000 |0 |0 | 117292 | 110027
|19 |2000 |1 |0 | 873164 | 929232
|19 |2000 |2 |0 | 457757 | 529300
|19 |2000 |3 |0 | 250738 | 296893
|20 |2001 |0 |0 | 136627 | 111920
|20 |2001 |1 |0 | 885498 | 969677
|20 |2001 |2 |0 | 470268 | 518887
|20 |2001 |3 |0 | 272445 | 330310
|21 |2002 |0 |0 | 132611 | 125136
|21 |2002 |1 |0 | 967426 |1013259
|21 |2002 |2 |0 | 470424 | 536155
|21 |2002 |3 |0 | 278814 | 338671
|22 |2003 |0 |0 | 158414 | 141951
|22 |2003 |1 |0 |1040814 |1060239
|22 |2003 |2 |0 | 452367 | 536960
|22 |2003 |3 |0 | 264826 | 332075
|23 |2004 |0 |0 | 139721 | 128053
|23 |2004 |1 |0 |1025627 |1082513
|23 |2004 |2 |0 | 487860 | 567765
|23 |2004 |3 |0 | 262290 | 305280
|24 |2005 |0 |0 | 158680 | 158032
|24 |2005 |1 |0 |1103016 |1160639
|24 |2005 |2 |0 | 503139 | 576842
|24 |2005 |3 |0 | 267266 | 341538
|25 |2006 |0 |0 | 175225 | 165453
|25 |2006 |1 |0 |1274641 |1237375
|25 |2006 |2 |0 | 515627 | 597814
|25 |2006 |3 |0 | 273254 | 354512
|26 |2007 |0 |0 | 176320 | 196601
|26 |2007 |1 |0 |1430555 |1377936
|26 |2007 |2 |0 | 531524 | 620561
|26 |2007 |3 |0 | 279184 | 360396
|27 |2008 |0 |0 | 185314 | 170242
|27 |2008 |1 |0 |1504243 |1472434
|27 |2008 |2 |0 | 551279 | 626555
|27 |2008 |3 |0 | 285546 | 390506
|28 |2009 |0 |0 | 215599 | 191706
|28 |2009 |1 |0 |1545085 |1528461
|28 |2009 |2 |0 | 566801 | 631867
|28 |2009 |3 |0 | 298195 | 398307
|18 |1999 |0 |1 |4958287 |4693361
|18 |1999 |1 |1 |9598490 |9630528
|18 |1999 |2 |1 |5499708 |5524114
|18 |1999 |3 |1 |3087010 |4229957
|19 |2000 |0 |1 |4929219 |4694573
|19 |2000 |1 |1 |9596932 |9604415
|19 |2000 |2 |1 |5519525 |5592704
|19 |2000 |3 |1 |3106260 |4223527
|20 |2001 |0 |1 |4895333 |4639848
|20 |2001 |1 |1 |9574111 |9612638
|20 |2001 |2 |1 |5571755 |5663470
|20 |2001 |3 |1 |3128932 |4202145
|21 |2002 |0 |1 |4819250 |4612439
|21 |2002 |1 |1 |9580719 |9571071
|21 |2002 |2 |1 |5614123 |5697252
|21 |2002 |3 |1 |3161788 |4198440
|22 |2003 |0 |1 |4774236 |4564380
|22 |2003 |1 |1 |9535921 |9494595
|22 |2003 |2 |1 |5687868 |5759785
|22 |2003 |3 |1 |3216837 |4214878
|23 |2004 |0 |1 |4761352 |4562424
|23 |2004 |1 |1 |9607230 |9516247
|23 |2004 |2 |1 |5715325 |5797626
|23 |2004 |3 |1 |3259206 |4254811
|24 |2005 |0 |1 |4705938 |4491692
|24 |2005 |1 |1 |9614784 |9510354
|24 |2005 |2 |1 |5766077 |5861414
|24 |2005 |3 |1 |3289061 |4224094
|25 |2006 |0 |1 |4668353 |4445328
|25 |2006 |1 |1 |9482046 |9456002
|25 |2006 |2 |1 |5844829 |5951141
|25 |2006 |3 |1 |3320274 |4210773
|26 |2007 |0 |1 |4651024 |4398968
|26 |2007 |1 |1 |9391196 |9348932
|26 |2007 |2 |1 |5909847 |6030223
|26 |2007 |3 |1 |3360202 |4223866
|27 |2008 |0 |1 |4675023 |4450103
|27 |2008 |1 |1 |9318264 |9227460
|27 |2008 |2 |1 |5956388 |6096915
|27 |2008 |3 |1 |3423976 |4236692
|28 |2009 |0 |1 |4639887 |4457493
|28 |2009 |1 |1 |9328565 |9143900
|28 |2009 |2 |1 |6023888 |6151361
|28 |2009 |3 |1 |3484806 |4299963
|18 |1999 |0 |2 |  22696 |  22292
|18 |1999 |1 |2 | 182755 | 205006
|18 |1999 |2 |2 |  65949 |  61434
|18 |1999 |3 |2 |  13080 |  11748
|19 |2000 |0 |2 |  26297 |  26227
|19 |2000 |1 |2 | 161007 | 211569
|19 |2000 |2 |2 |  77679 |  73084
|19 |2000 |3 |2 |  16143 |  19115
|20 |2001 |0 |2 |  24020 |  22858
|20 |2001 |1 |2 | 218795 | 232356
|20 |2001 |2 |2 |  71499 |  75793
|20 |2001 |3 |2 |  13835 |  15350
|21 |2002 |0 |2 |  36832 |  27989
|21 |2002 |1 |2 | 229220 | 237112
|21 |2002 |2 |2 |  81537 |  96580
|21 |2002 |3 |2 |  16494 |  19150
|22 |2003 |0 |2 |  32593 |  34874
|22 |2003 |1 |2 | 250853 | 294551
|22 |2003 |2 |2 |  91080 | 103510
|22 |2003 |3 |2 |  16611 |  19647
|23 |2004 |0 |2 |  33466 |  34119
|23 |2004 |1 |2 | 264024 | 285096
|23 |2004 |2 |2 |  96465 | 107327
|23 |2004 |3 |2 |  18157 |  17636
|24 |2005 |0 |2 |  37692 |  33761
|24 |2005 |1 |2 | 278691 | 309568
|24 |2005 |2 |2 | 112601 | 117880
|24 |2005 |3 |2 |  26438 |  26167
|25 |2006 |0 |2 |  41082 |  38038
|25 |2006 |1 |2 | 291026 | 340262
|25 |2006 |2 |2 | 125059 | 119679
|25 |2006 |3 |2 |  23838 |  28539
|26 |2007 |0 |2 |  42152 |  35155
|26 |2007 |1 |2 | 295832 | 332747
|26 |2007 |2 |2 | 129690 | 130491
|26 |2007 |3 |2 |  28021 |  30714
|27 |2008 |0 |2 |  39876 |  48660
|27 |2008 |1 |2 | 303306 | 321329
|27 |2008 |2 |2 | 155785 | 158008
|27 |2008 |3 |2 |  31848 |  39031
|28 |2009 |0 |2 |  42352 |  42572
|28 |2009 |1 |2 | 291363 | 341512
|28 |2009 |2 |2 | 154040 | 195421
|28 |2009 |3 |2 |  41925 |  30623
